001001.mp3,1_1.png,mp3,001001,001,001,1,_,1
001002.mp3,1_2.png,mp3,001002,001,002,1,_,2
001003.mp3,1_3.png,mp3,001003,001,003,1,_,3
001004.mp3,1_4.png,mp3,001004,001,004,1,_,4
001005.mp3,1_5.png,mp3,001005,001,005,1,_,5
001006.mp3,1_6.png,mp3,001006,001,006,1,_,6
001007.mp3,1_7.png,mp3,001007,001,007,1,_,7
002001_1.mp3,2_1.png,mp3,002001,002,001,2,_,1
002001_2.mp3,2_1.png,mp3,002001,002,001,2,_,1
002002_1.mp3,2_2.png,mp3,002002,002,002,2,_,2
002002_2.mp3,2_2.png,mp3,002002,002,002,2,_,2
002003.mp3,2_3.png,mp3,002003,002,003,2,_,3
002004.mp3,2_4.png,mp3,002004,002,004,2,_,4
002005.mp3,2_5.png,mp3,002005,002,005,2,_,5
002006.mp3,2_6.png,mp3,002006,002,006,2,_,6
002007.mp3,2_7.png,mp3,002007,002,007,2,_,7
002008.mp3,2_8.png,mp3,002008,002,008,2,_,8
002009.mp3,2_9.png,mp3,002009,002,009,2,_,9
002010.mp3,2_10.png,mp3,002010,002,010,2,_,10
002011.mp3,2_11.png,mp3,002011,002,011,2,_,11
002012.mp3,2_12.png,mp3,002012,002,012,2,_,12
002013.mp3,2_13.png,mp3,002013,002,013,2,_,13
002014.mp3,2_14.png,mp3,002014,002,014,2,_,14
002015.mp3,2_15.png,mp3,002015,002,015,2,_,15
002016.mp3,2_16.png,mp3,002016,002,016,2,_,16
002017_1.mp3,2_17.png,mp3,002017,002,017,2,_,17
002017_2.mp3,2_17.png,mp3,002017,002,017,2,_,17
002018.mp3,2_18.png,mp3,002018,002,018,2,_,18
002019_1.mp3,2_19.png,mp3,002019,002,019,2,_,19
002019_2.mp3,2_19.png,mp3,002019,002,019,2,_,19
002020_1.mp3,2_20.png,mp3,002020,002,020,2,_,20
002020_2.mp3,2_20.png,mp3,002020,002,020,2,_,20
002020_3.mp3,2_20.png,mp3,002020,002,020,2,_,20
002020_4.mp3,2_20.png,mp3,002020,002,020,2,_,20
002021.mp3,2_21.png,mp3,002021,002,021,2,_,21
002022_1.mp3,2_22.png,mp3,002022,002,022,2,_,22
002022_2.mp3,2_22.png,mp3,002022,002,022,2,_,22
002023_1.mp3,2_23.png,mp3,002023,002,023,2,_,23
002023_2.mp3,2_23.png,mp3,002023,002,023,2,_,23
002024_1.mp3,2_24.png,mp3,002024,002,024,2,_,24
002024_2.mp3,2_24.png,mp3,002024,002,024,2,_,24
002025_1.mp3,2_25.png,mp3,002025,002,025,2,_,25
002025_2.mp3,2_25.png,mp3,002025,002,025,2,_,25
002026_1.mp3,2_26.png,mp3,002026,002,026,2,_,26
002026_2.mp3,2_26.png,mp3,002026,002,026,2,_,26
002026_3.mp3,2_26.png,mp3,002026,002,026,2,_,26
002027_1.mp3,2_27.png,mp3,002027,002,027,2,_,27
002027_2.mp3,2_27.png,mp3,002027,002,027,2,_,27
002028.mp3,2_28.png,mp3,002028,002,028,2,_,28
002029_1.mp3,2_29.png,mp3,002029,002,029,2,_,29
002029_2.mp3,2_29.png,mp3,002029,002,029,2,_,29
002030_1.mp3,2_30.png,mp3,002030,002,030,2,_,30
002030_2.mp3,2_30.png,mp3,002030,002,030,2,_,30
002030_3.mp3,2_30.png,mp3,002030,002,030,2,_,30
002031.mp3,2_31.png,mp3,002031,002,031,2,_,31
002032_1.mp3,2_32.png,mp3,002032,002,032,2,_,32
002032_2.mp3,2_32.png,mp3,002032,002,032,2,_,32
002033_1.mp3,2_33.png,mp3,002033,002,033,2,_,33
002033_2.mp3,2_33.png,mp3,002033,002,033,2,_,33
002033_3.mp3,2_33.png,mp3,002033,002,033,2,_,33
002034.mp3,2_34.png,mp3,002034,002,034,2,_,34
002035_1.mp3,2_35.png,mp3,002035,002,035,2,_,35
002035_2.mp3,2_35.png,mp3,002035,002,035,2,_,35
002036_1.mp3,2_36.png,mp3,002036,002,036,2,_,36
002036_2.mp3,2_36.png,mp3,002036,002,036,2,_,36
002037_1.mp3,2_37.png,mp3,002037,002,037,2,_,37
002037_2.mp3,2_37.png,mp3,002037,002,037,2,_,37
002038.mp3,2_38.png,mp3,002038,002,038,2,_,38
002039_1.mp3,2_39.png,mp3,002039,002,039,2,_,39
002039_2.mp3,2_39.png,mp3,002039,002,039,2,_,39
002040_1.mp3,2_40.png,mp3,002040,002,040,2,_,40
002040_2.mp3,2_40.png,mp3,002040,002,040,2,_,40
002041_1.mp3,2_41.png,mp3,002041,002,041,2,_,41
002041_2.mp3,2_41.png,mp3,002041,002,041,2,_,41
002042.mp3,2_42.png,mp3,002042,002,042,2,_,42
002043.mp3,2_43.png,mp3,002043,002,043,2,_,43
002044_1.mp3,2_44.png,mp3,002044,002,044,2,_,44
002044_2.mp3,2_44.png,mp3,002044,002,044,2,_,44
002045_1.mp3,2_45.png,mp3,002045,002,045,2,_,45
002045_2.mp3,2_45.png,mp3,002045,002,045,2,_,45
002046.mp3,2_46.png,mp3,002046,002,046,2,_,46
002047.mp3,2_47.png,mp3,002047,002,047,2,_,47
002048.mp3,2_48.png,mp3,002048,002,048,2,_,48
002049_1.mp3,2_49.png,mp3,002049,002,049,2,_,49
002049_2.mp3,2_49.png,mp3,002049,002,049,2,_,49
002050.mp3,2_50.png,mp3,002050,002,050,2,_,50
002051.mp3,2_51.png,mp3,002051,002,051,2,_,51
002052.mp3,2_52.png,mp3,002052,002,052,2,_,52
002053.mp3,2_53.png,mp3,002053,002,053,2,_,53
002054_1.mp3,2_54.png,mp3,002054,002,054,2,_,54
002054_2.mp3,2_54.png,mp3,002054,002,054,2,_,54
002054_3.mp3,2_54.png,mp3,002054,002,054,2,_,54
002055.mp3,2_55.png,mp3,002055,002,055,2,_,55
002056.mp3,2_56.png,mp3,002056,002,056,2,_,56
002057_1.mp3,2_57.png,mp3,002057,002,057,2,_,57
002057_2.mp3,2_57.png,mp3,002057,002,057,2,_,57
002058_1.mp3,2_58.png,mp3,002058,002,058,2,_,58
002058_2.mp3,2_58.png,mp3,002058,002,058,2,_,58
002059_1.mp3,2_59.png,mp3,002059,002,059,2,_,59
002059_2.mp3,2_59.png,mp3,002059,002,059,2,_,59
002060_1.mp3,2_60.png,mp3,002060,002,060,2,_,60
002060_2.mp3,2_60.png,mp3,002060,002,060,2,_,60
002060_3.mp3,2_60.png,mp3,002060,002,060,2,_,60
002061_1.mp3,2_61.png,mp3,002061,002,061,2,_,61
002061_2.mp3,2_61.png,mp3,002061,002,061,2,_,61
002061_3.mp3,2_61.png,mp3,002061,002,061,2,_,61
002061_4.mp3,2_61.png,mp3,002061,002,061,2,_,61
002061_5.mp3,2_61.png,mp3,002061,002,061,2,_,61
002061_6.mp3,2_61.png,mp3,002061,002,061,2,_,61
002062_1.mp3,2_62.png,mp3,002062,002,062,2,_,62
002062_2.mp3,2_62.png,mp3,002062,002,062,2,_,62
002062_3.mp3,2_62.png,mp3,002062,002,062,2,_,62
002063.mp3,2_63.png,mp3,002063,002,063,2,_,63
002064_1.mp3,2_64.png,mp3,002064,002,064,2,_,64
002064_2.mp3,2_64.png,mp3,002064,002,064,2,_,64
002065.mp3,2_65.png,mp3,002065,002,065,2,_,65
002066.mp3,2_66.png,mp3,002066,002,066,2,_,66
002067_1.mp3,2_67.png,mp3,002067,002,067,2,_,67
002067_2.mp3,2_67.png,mp3,002067,002,067,2,_,67
002068_1.mp3,2_68.png,mp3,002068,002,068,2,_,68
002068_2.mp3,2_68.png,mp3,002068,002,068,2,_,68
002068_3.mp3,2_68.png,mp3,002068,002,068,2,_,68
002069_1.mp3,2_69.png,mp3,002069,002,069,2,_,69
002069_2.mp3,2_69.png,mp3,002069,002,069,2,_,69
002070.mp3,2_70.png,mp3,002070,002,070,2,_,70
002071_1.mp3,2_71.png,mp3,002071,002,071,2,_,71
002071_2.mp3,2_71.png,mp3,002071,002,071,2,_,71
002071_3.mp3,2_71.png,mp3,002071,002,071,2,_,71
002072_1.mp3,2_72.png,mp3,002072,002,072,2,_,72
002072_2.mp3,2_72.png,mp3,002072,002,072,2,_,72
002073_1.mp3,2_73.png,mp3,002073,002,073,2,_,73
002073_2.mp3,2_73.png,mp3,002073,002,073,2,_,73
002074_1.mp3,2_74.png,mp3,002074,002,074,2,_,74
002074_2.mp3,2_74.png,mp3,002074,002,074,2,_,74
002074_3.mp3,2_74.png,mp3,002074,002,074,2,_,74
002074_4.mp3,2_74.png,mp3,002074,002,074,2,_,74
002075_1.mp3,2_75.png,mp3,002075,002,075,2,_,75
002075_2.mp3,2_75.png,mp3,002075,002,075,2,_,75
002076_1.mp3,2_76.png,mp3,002076,002,076,2,_,76
002076_2.mp3,2_76.png,mp3,002076,002,076,2,_,76
002076_3.mp3,2_76.png,mp3,002076,002,076,2,_,76
002077.mp3,2_77.png,mp3,002077,002,077,2,_,77
002078.mp3,2_78.png,mp3,002078,002,078,2,_,78
002079_1.mp3,2_79.png,mp3,002079,002,079,2,_,79
002079_2.mp3,2_79.png,mp3,002079,002,079,2,_,79
002080_1.mp3,2_80.png,mp3,002080,002,080,2,_,80
002080_2.mp3,2_80.png,mp3,002080,002,080,2,_,80
002080_3.mp3,2_80.png,mp3,002080,002,080,2,_,80
002081_1.mp3,2_81.png,mp3,002081,002,081,2,_,81
002081_2.mp3,2_81.png,mp3,002081,002,081,2,_,81
002082_1.mp3,2_82.png,mp3,002082,002,082,2,_,82
002082_2.mp3,2_82.png,mp3,002082,002,082,2,_,82
002083_1.mp3,2_83.png,mp3,002083,002,083,2,_,83
002083_2.mp3,2_83.png,mp3,002083,002,083,2,_,83
002083_3.mp3,2_83.png,mp3,002083,002,083,2,_,83
002084.mp3,2_84.png,mp3,002084,002,084,2,_,84
002085_1.mp3,2_85.png,mp3,002085,002,085,2,_,85
002085_2.mp3,2_85.png,mp3,002085,002,085,2,_,85
002085_3.mp3,2_85.png,mp3,002085,002,085,2,_,85
002085_4.mp3,2_85.png,mp3,002085,002,085,2,_,85
002085_5.mp3,2_85.png,mp3,002085,002,085,2,_,85
002085_6.mp3,2_85.png,mp3,002085,002,085,2,_,85
002086.mp3,2_86.png,mp3,002086,002,086,2,_,86
002087_1.mp3,2_87.png,mp3,002087,002,087,2,_,87
002087_2.mp3,2_87.png,mp3,002087,002,087,2,_,87
002087_3.mp3,2_87.png,mp3,002087,002,087,2,_,87
002088_1.mp3,2_88.png,mp3,002088,002,088,2,_,88
002088_2.mp3,2_88.png,mp3,002088,002,088,2,_,88
002089_1.mp3,2_89.png,mp3,002089,002,089,2,_,89
002089_2.mp3,2_89.png,mp3,002089,002,089,2,_,89
002090_1.mp3,2_90.png,mp3,002090,002,090,2,_,90
002090_2.mp3,2_90.png,mp3,002090,002,090,2,_,90
002090_3.mp3,2_90.png,mp3,002090,002,090,2,_,90
002091_1.mp3,2_91.png,mp3,002091,002,091,2,_,91
002091_2.mp3,2_91.png,mp3,002091,002,091,2,_,91
002092.mp3,2_92.png,mp3,002092,002,092,2,_,92
002093.mp3,2_93.png,mp3,002093,002,093,2,_,93
002094.mp3,2_94.png,mp3,002094,002,094,2,_,94
002095_1.mp3,2_95.png,mp3,002095,002,095,2,_,95
002095_2.mp3,2_95.png,mp3,002095,002,095,2,_,95
002096_1.mp3,2_96.png,mp3,002096,002,096,2,_,96
002096_2.mp3,2_96.png,mp3,002096,002,096,2,_,96
002097.mp3,2_97.png,mp3,002097,002,097,2,_,97
002098.mp3,2_98.png,mp3,002098,002,098,2,_,98
002099_1.mp3,2_99.png,mp3,002099,002,099,2,_,99
002099_2.mp3,2_99.png,mp3,002099,002,099,2,_,99
002100_1.mp3,2_100.png,mp3,002100,002,100,2,_,100
002100_2.mp3,2_100.png,mp3,002100,002,100,2,_,100
002101_1.mp3,2_101.png,mp3,002101,002,101,2,_,101
002101_2.mp3,2_101.png,mp3,002101,002,101,2,_,101
002102_1.mp3,2_102.png,mp3,002102,002,102,2,_,102
002102_2.mp3,2_102.png,mp3,002102,002,102,2,_,102
002102_3.mp3,2_102.png,mp3,002102,002,102,2,_,102
002102_4.mp3,2_102.png,mp3,002102,002,102,2,_,102
002102_5.mp3,2_102.png,mp3,002102,002,102,2,_,102
002102_6.mp3,2_102.png,mp3,002102,002,102,2,_,102
002102_7.mp3,2_102.png,mp3,002102,002,102,2,_,102
002102_8.mp3,2_102.png,mp3,002102,002,102,2,_,102
002103_1.mp3,2_103.png,mp3,002103,002,103,2,_,103
002103_2.mp3,2_103.png,mp3,002103,002,103,2,_,103
002104_1.mp3,2_104.png,mp3,002104,002,104,2,_,104
002104_2.mp3,2_104.png,mp3,002104,002,104,2,_,104
002105_1.mp3,2_105.png,mp3,002105,002,105,2,_,105
002105_2.mp3,2_105.png,mp3,002105,002,105,2,_,105
002106_1.mp3,2_106.png,mp3,002106,002,106,2,_,106
002106_2.mp3,2_106.png,mp3,002106,002,106,2,_,106
002107_1.mp3,2_107.png,mp3,002107,002,107,2,_,107
002107_2.mp3,2_107.png,mp3,002107,002,107,2,_,107
002108_1.mp3,2_108.png,mp3,002108,002,108,2,_,108
002108_2.mp3,2_108.png,mp3,002108,002,108,2,_,108
002109_1.mp3,2_109.png,mp3,002109,002,109,2,_,109
002109_2.mp3,2_109.png,mp3,002109,002,109,2,_,109
002109_3.mp3,2_109.png,mp3,002109,002,109,2,_,109
002110_1.mp3,2_110.png,mp3,002110,002,110,2,_,110
002110_2.mp3,2_110.png,mp3,002110,002,110,2,_,110
002111_1.mp3,2_111.png,mp3,002111,002,111,2,_,111
002111_2.mp3,2_111.png,mp3,002111,002,111,2,_,111
002111_3.mp3,2_111.png,mp3,002111,002,111,2,_,111
002112_1.mp3,2_112.png,mp3,002112,002,112,2,_,112
002112_2.mp3,2_112.png,mp3,002112,002,112,2,_,112
002113_1.mp3,2_113.png,mp3,002113,002,113,2,_,113
002113_2.mp3,2_113.png,mp3,002113,002,113,2,_,113
002114_1.mp3,2_114.png,mp3,002114,002,114,2,_,114
002114_2.mp3,2_114.png,mp3,002114,002,114,2,_,114
002114_3.mp3,2_114.png,mp3,002114,002,114,2,_,114
002115_1.mp3,2_115.png,mp3,002115,002,115,2,_,115
002115_2.mp3,2_115.png,mp3,002115,002,115,2,_,115
002115_3.mp3,2_115.png,mp3,002115,002,115,2,_,115
002116_1.mp3,2_116.png,mp3,002116,002,116,2,_,116
002116_2.mp3,2_116.png,mp3,002116,002,116,2,_,116
002116_3.mp3,2_116.png,mp3,002116,002,116,2,_,116
002117_1.mp3,2_117.png,mp3,002117,002,117,2,_,117
002117_2.mp3,2_117.png,mp3,002117,002,117,2,_,117
002118_1.mp3,2_118.png,mp3,002118,002,118,2,_,118
002118_2.mp3,2_118.png,mp3,002118,002,118,2,_,118
002118_3.mp3,2_118.png,mp3,002118,002,118,2,_,118
002118_4.mp3,2_118.png,mp3,002118,002,118,2,_,118
002119_1.mp3,2_119.png,mp3,002119,002,119,2,_,119
002119_2.mp3,2_119.png,mp3,002119,002,119,2,_,119
002120_1.mp3,2_120.png,mp3,002120,002,120,2,_,120
002120_2.mp3,2_120.png,mp3,002120,002,120,2,_,120
002121_1.mp3,2_121.png,mp3,002121,002,121,2,_,121
002121_2.mp3,2_121.png,mp3,002121,002,121,2,_,121
002122.mp3,2_122.png,mp3,002122,002,122,2,_,122
002123.mp3,2_123.png,mp3,002123,002,123,2,_,123
002124_1.mp3,2_124.png,mp3,002124,002,124,2,_,124
002124_2.mp3,2_124.png,mp3,002124,002,124,2,_,124
002124_3.mp3,2_124.png,mp3,002124,002,124,2,_,124
002125.mp3,2_125.png,mp3,002125,002,125,2,_,125
002126_1.mp3,2_126.png,mp3,002126,002,126,2,_,126
002126_2.mp3,2_126.png,mp3,002126,002,126,2,_,126
002126_3.mp3,2_126.png,mp3,002126,002,126,2,_,126
002127.mp3,2_127.png,mp3,002127,002,127,2,_,127
002128_1.mp3,2_128.png,mp3,002128,002,128,2,_,128
002128_2.mp3,2_128.png,mp3,002128,002,128,2,_,128
002129_1.mp3,2_129.png,mp3,002129,002,129,2,_,129
002129_2.mp3,2_129.png,mp3,002129,002,129,2,_,129
002130_1.mp3,2_130.png,mp3,002130,002,130,2,_,130
002130_2.mp3,2_130.png,mp3,002130,002,130,2,_,130
002130_3.mp3,2_130.png,mp3,002130,002,130,2,_,130
002131.mp3,2_131.png,mp3,002131,002,131,2,_,131
002132.mp3,2_132.png,mp3,002132,002,132,2,_,132
002133_1.mp3,2_133.png,mp3,002133,002,133,2,_,133
002133_2.mp3,2_133.png,mp3,002133,002,133,2,_,133
002134_1.mp3,2_134.png,mp3,002134,002,134,2,_,134
002134_2.mp3,2_134.png,mp3,002134,002,134,2,_,134
002134_3.mp3,2_134.png,mp3,002134,002,134,2,_,134
002135_1.mp3,2_135.png,mp3,002135,002,135,2,_,135
002135_2.mp3,2_135.png,mp3,002135,002,135,2,_,135
002135_3.mp3,2_135.png,mp3,002135,002,135,2,_,135
002136_1.mp3,2_136.png,mp3,002136,002,136,2,_,136
002136_2.mp3,2_136.png,mp3,002136,002,136,2,_,136
002137_1.mp3,2_137.png,mp3,002137,002,137,2,_,137
002137_2.mp3,2_137.png,mp3,002137,002,137,2,_,137
002137_3.mp3,2_137.png,mp3,002137,002,137,2,_,137
002137_4.mp3,2_137.png,mp3,002137,002,137,2,_,137
002138_1.mp3,2_138.png,mp3,002138,002,138,2,_,138
002138_2.mp3,2_138.png,mp3,002138,002,138,2,_,138
002139.mp3,2_139.png,mp3,002139,002,139,2,_,139
002140_1.mp3,2_140.png,mp3,002140,002,140,2,_,140
002140_2.mp3,2_140.png,mp3,002140,002,140,2,_,140
002140_3.mp3,2_140.png,mp3,002140,002,140,2,_,140
002141_1.mp3,2_141.png,mp3,002141,002,141,2,_,141
002141_2.mp3,2_141.png,mp3,002141,002,141,2,_,141
002141_3.mp3,2_141.png,mp3,002141,002,141,2,_,141
002142_1.mp3,2_142.png,mp3,002142,002,142,2,_,142
002142_2.mp3,2_142.png,mp3,002142,002,142,2,_,142
002143_1.mp3,2_143.png,mp3,002143,002,143,2,_,143
002143_2.mp3,2_143.png,mp3,002143,002,143,2,_,143
002143_3.mp3,2_143.png,mp3,002143,002,143,2,_,143
002143_4.mp3,2_143.png,mp3,002143,002,143,2,_,143
002143_5.mp3,2_143.png,mp3,002143,002,143,2,_,143
002144_1.mp3,2_144.png,mp3,002144,002,144,2,_,144
002144_2.mp3,2_144.png,mp3,002144,002,144,2,_,144
002144_3.mp3,2_144.png,mp3,002144,002,144,2,_,144
002144_4.mp3,2_144.png,mp3,002144,002,144,2,_,144
002144_5.mp3,2_144.png,mp3,002144,002,144,2,_,144
002145_1.mp3,2_145.png,mp3,002145,002,145,2,_,145
002145_2.mp3,2_145.png,mp3,002145,002,145,2,_,145
002145_3.mp3,2_145.png,mp3,002145,002,145,2,_,145
002146_1.mp3,2_146.png,mp3,002146,002,146,2,_,146
002146_2.mp3,2_146.png,mp3,002146,002,146,2,_,146
002147_1.mp3,2_147.png,mp3,002147,002,147,2,_,147
002147_2.mp3,2_147.png,mp3,002147,002,147,2,_,147
002148_1.mp3,2_148.png,mp3,002148,002,148,2,_,148
002148_2.mp3,2_148.png,mp3,002148,002,148,2,_,148
002148_3.mp3,2_148.png,mp3,002148,002,148,2,_,148
002149_1.mp3,2_149.png,mp3,002149,002,149,2,_,149
002149_2.mp3,2_149.png,mp3,002149,002,149,2,_,149
002149_3.mp3,2_149.png,mp3,002149,002,149,2,_,149
002150_1.mp3,2_150.png,mp3,002150,002,150,2,_,150
002150_2.mp3,2_150.png,mp3,002150,002,150,2,_,150
002150_3.mp3,2_150.png,mp3,002150,002,150,2,_,150
002151.mp3,2_151.png,mp3,002151,002,151,2,_,151
002152.mp3,2_152.png,mp3,002152,002,152,2,_,152
002153_1.mp3,2_153.png,mp3,002153,002,153,2,_,153
002153_2.mp3,2_153.png,mp3,002153,002,153,2,_,153
002154.mp3,2_154.png,mp3,002154,002,154,2,_,154
002155.mp3,2_155.png,mp3,002155,002,155,2,_,155
002156.mp3,2_156.png,mp3,002156,002,156,2,_,156
002157.mp3,2_157.png,mp3,002157,002,157,2,_,157
002158_1.mp3,2_158.png,mp3,002158,002,158,2,_,158
002158_2.mp3,2_158.png,mp3,002158,002,158,2,_,158
002159_1.mp3,2_159.png,mp3,002159,002,159,2,_,159
002159_2.mp3,2_159.png,mp3,002159,002,159,2,_,159
002160_1.mp3,2_160.png,mp3,002160,002,160,2,_,160
002160_2.mp3,2_160.png,mp3,002160,002,160,2,_,160
002161.mp3,2_161.png,mp3,002161,002,161,2,_,161
002162.mp3,2_162.png,mp3,002162,002,162,2,_,162
002163.mp3,2_163.png,mp3,002163,002,163,2,_,163
002164_1.mp3,2_164.png,mp3,002164,002,164,2,_,164
002164_2.mp3,2_164.png,mp3,002164,002,164,2,_,164
002164_3.mp3,2_164.png,mp3,002164,002,164,2,_,164
002164_4.mp3,2_164.png,mp3,002164,002,164,2,_,164
002165_1.mp3,2_165.png,mp3,002165,002,165,2,_,165
002165_2.mp3,2_165.png,mp3,002165,002,165,2,_,165
002166.mp3,2_166.png,mp3,002166,002,166,2,_,166
002167_1.mp3,2_167.png,mp3,002167,002,167,2,_,167
002167_2.mp3,2_167.png,mp3,002167,002,167,2,_,167
002168_1.mp3,2_168.png,mp3,002168,002,168,2,_,168
002168_2.mp3,2_168.png,mp3,002168,002,168,2,_,168
002169.mp3,2_169.png,mp3,002169,002,169,2,_,169
002170.mp3,2_170.png,mp3,002170,002,170,2,_,170
002171_1.mp3,2_171.png,mp3,002171,002,171,2,_,171
002171_2.mp3,2_171.png,mp3,002171,002,171,2,_,171
002172.mp3,2_172.png,mp3,002172,002,172,2,_,172
002173_1.mp3,2_173.png,mp3,002173,002,173,2,_,173
002173_2.mp3,2_173.png,mp3,002173,002,173,2,_,173
002174_1.mp3,2_174.png,mp3,002174,002,174,2,_,174
002174_2.mp3,2_174.png,mp3,002174,002,174,2,_,174
002174_3.mp3,2_174.png,mp3,002174,002,174,2,_,174
002175.mp3,2_175.png,mp3,002175,002,175,2,_,175
002176_1.mp3,2_176.png,mp3,002176,002,176,2,_,176
002176_2.mp3,2_176.png,mp3,002176,002,176,2,_,176
002177_1.mp3,2_177.png,mp3,002177,002,177,2,_,177
002177_2.mp3,2_177.png,mp3,002177,002,177,2,_,177
002177_3.mp3,2_177.png,mp3,002177,002,177,2,_,177
002177_4.mp3,2_177.png,mp3,002177,002,177,2,_,177
002177_5.mp3,2_177.png,mp3,002177,002,177,2,_,177
002177_6.mp3,2_177.png,mp3,002177,002,177,2,_,177
002178_1.mp3,2_178.png,mp3,002178,002,178,2,_,178
002178_2.mp3,2_178.png,mp3,002178,002,178,2,_,178
002179.mp3,2_179.png,mp3,002179,002,179,2,_,179
002180.mp3,2_180.png,mp3,002180,002,180,2,_,180
002181_1.mp3,2_181.png,mp3,002181,002,181,2,_,181
002181_2.mp3,2_181.png,mp3,002181,002,181,2,_,181
002182_1.mp3,2_182.png,mp3,002182,002,182,2,_,182
002182_2.mp3,2_182.png,mp3,002182,002,182,2,_,182
002183.mp3,2_183.png,mp3,002183,002,183,2,_,183
002184_1.mp3,2_184.png,mp3,002184,002,184,2,_,184
002184_2.mp3,2_184.png,mp3,002184,002,184,2,_,184
002184_3.mp3,2_184.png,mp3,002184,002,184,2,_,184
002184_4.mp3,2_184.png,mp3,002184,002,184,2,_,184
002185_1.mp3,2_185.png,mp3,002185,002,185,2,_,185
002185_2.mp3,2_185.png,mp3,002185,002,185,2,_,185
002185_3.mp3,2_185.png,mp3,002185,002,185,2,_,185
002186_1.mp3,2_186.png,mp3,002186,002,186,2,_,186
002186_2.mp3,2_186.png,mp3,002186,002,186,2,_,186
002187_1.mp3,2_187.png,mp3,002187,002,187,2,_,187
002187_2.mp3,2_187.png,mp3,002187,002,187,2,_,187
002187_3.mp3,2_187.png,mp3,002187,002,187,2,_,187
002187_4.mp3,2_187.png,mp3,002187,002,187,2,_,187
002187_5.mp3,2_187.png,mp3,002187,002,187,2,_,187
002187_6.mp3,2_187.png,mp3,002187,002,187,2,_,187
002187_7.mp3,2_187.png,mp3,002187,002,187,2,_,187
002188_1.mp3,2_188.png,mp3,002188,002,188,2,_,188
002188_2.mp3,2_188.png,mp3,002188,002,188,2,_,188
002189_1.mp3,2_189.png,mp3,002189,002,189,2,_,189
002189_2.mp3,2_189.png,mp3,002189,002,189,2,_,189
002189_3.mp3,2_189.png,mp3,002189,002,189,2,_,189
002190_1.mp3,2_190.png,mp3,002190,002,190,2,_,190
002190_2.mp3,2_190.png,mp3,002190,002,190,2,_,190
002191_1.mp3,2_191.png,mp3,002191,002,191,2,_,191
002191_2.mp3,2_191.png,mp3,002191,002,191,2,_,191
002191_3.mp3,2_191.png,mp3,002191,002,191,2,_,191
002191_4.mp3,2_191.png,mp3,002191,002,191,2,_,191
002192.mp3,2_192.png,mp3,002192,002,192,2,_,192
002193_1.mp3,2_193.png,mp3,002193,002,193,2,_,193
002193_2.mp3,2_193.png,mp3,002193,002,193,2,_,193
002194_1.mp3,2_194.png,mp3,002194,002,194,2,_,194
002194_2.mp3,2_194.png,mp3,002194,002,194,2,_,194
002194_3.mp3,2_194.png,mp3,002194,002,194,2,_,194
002195_1.mp3,2_195.png,mp3,002195,002,195,2,_,195
002195_2.mp3,2_195.png,mp3,002195,002,195,2,_,195
002196_1.mp3,2_196.png,mp3,002196,002,196,2,_,196
002196_2.mp3,2_196.png,mp3,002196,002,196,2,_,196
002196_3.mp3,2_196.png,mp3,002196,002,196,2,_,196
002196_4.mp3,2_196.png,mp3,002196,002,196,2,_,196
002196_5.mp3,2_196.png,mp3,002196,002,196,2,_,196
002196_6.mp3,2_196.png,mp3,002196,002,196,2,_,196
002196_7.mp3,2_196.png,mp3,002196,002,196,2,_,196
002197_1.mp3,2_197.png,mp3,002197,002,197,2,_,197
002197_2.mp3,2_197.png,mp3,002197,002,197,2,_,197
002198.mp3,2_198.png,mp3,002198,002,198,2,_,198
002199.mp3,2_199.png,mp3,002199,002,199,2,_,199
002200.mp3,2_200.png,mp3,002200,002,200,2,_,200
002201.mp3,2_201.png,mp3,002201,002,201,2,_,201
002202_1.mp3,2_202.png,mp3,002202,002,202,2,_,202
002202_2.mp3,2_202.png,mp3,002202,002,202,2,_,202
002203_1.mp3,2_203.png,mp3,002203,002,203,2,_,203
002203_2.mp3,2_203.png,mp3,002203,002,203,2,_,203
002204.mp3,2_204.png,mp3,002204,002,204,2,_,204
002205_1.mp3,2_205.png,mp3,002205,002,205,2,_,205
002205_2.mp3,2_205.png,mp3,002205,002,205,2,_,205
002206_1.mp3,2_206.png,mp3,002206,002,206,2,_,206
002206_2.mp3,2_206.png,mp3,002206,002,206,2,_,206
002207.mp3,2_207.png,mp3,002207,002,207,2,_,207
002208_1.mp3,2_208.png,mp3,002208,002,208,2,_,208
002208_2.mp3,2_208.png,mp3,002208,002,208,2,_,208
002209.mp3,2_209.png,mp3,002209,002,209,2,_,209
002210_1.mp3,2_210.png,mp3,002210,002,210,2,_,210
002210_2.mp3,2_210.png,mp3,002210,002,210,2,_,210
002211.mp3,2_211.png,mp3,002211,002,211,2,_,211
002212.mp3,2_212.png,mp3,002212,002,212,2,_,212
002213_1.mp3,2_213.png,mp3,002213,002,213,2,_,213
002213_2.mp3,2_213.png,mp3,002213,002,213,2,_,213
002213_3.mp3,2_213.png,mp3,002213,002,213,2,_,213
002214_1.mp3,2_214.png,mp3,002214,002,214,2,_,214
002214_2.mp3,2_214.png,mp3,002214,002,214,2,_,214
002214_3.mp3,2_214.png,mp3,002214,002,214,2,_,214
002215_1.mp3,2_215.png,mp3,002215,002,215,2,_,215
002215_2.mp3,2_215.png,mp3,002215,002,215,2,_,215
002215_3.mp3,2_215.png,mp3,002215,002,215,2,_,215
002216_1.mp3,2_216.png,mp3,002216,002,216,2,_,216
002216_2.mp3,2_216.png,mp3,002216,002,216,2,_,216
002216_3.mp3,2_216.png,mp3,002216,002,216,2,_,216
002216_4.mp3,2_216.png,mp3,002216,002,216,2,_,216
002217_1.mp3,2_217.png,mp3,002217,002,217,2,_,217
002217_2.mp3,2_217.png,mp3,002217,002,217,2,_,217
002217_3.mp3,2_217.png,mp3,002217,002,217,2,_,217
002218_1.mp3,2_218.png,mp3,002218,002,218,2,_,218
002218_2.mp3,2_218.png,mp3,002218,002,218,2,_,218
002219_1.mp3,2_219.png,mp3,002219,002,219,2,_,219
002219_2.mp3,2_219.png,mp3,002219,002,219,2,_,219
002219_3.mp3,2_219.png,mp3,002219,002,219,2,_,219
002220_1.mp3,2_220.png,mp3,002220,002,220,2,_,220
002220_2.mp3,2_220.png,mp3,002220,002,220,2,_,220
002220_3.mp3,2_220.png,mp3,002220,002,220,2,_,220
002221_1.mp3,2_221.png,mp3,002221,002,221,2,_,221
002221_2.mp3,2_221.png,mp3,002221,002,221,2,_,221
002221_3.mp3,2_221.png,mp3,002221,002,221,2,_,221
002221_4.mp3,2_221.png,mp3,002221,002,221,2,_,221
002222_1.mp3,2_222.png,mp3,002222,002,222,2,_,222
002222_2.mp3,2_222.png,mp3,002222,002,222,2,_,222
002222_3.mp3,2_222.png,mp3,002222,002,222,2,_,222
002223_1.mp3,2_223.png,mp3,002223,002,223,2,_,223
002223_2.mp3,2_223.png,mp3,002223,002,223,2,_,223
002224_1.mp3,2_224.png,mp3,002224,002,224,2,_,224
002224_2.mp3,2_224.png,mp3,002224,002,224,2,_,224
002225_1.mp3,2_225.png,mp3,002225,002,225,2,_,225
002225_2.mp3,2_225.png,mp3,002225,002,225,2,_,225
002226_1.mp3,2_226.png,mp3,002226,002,226,2,_,226
002226_2.mp3,2_226.png,mp3,002226,002,226,2,_,226
002227.mp3,2_227.png,mp3,002227,002,227,2,_,227
002228_1.mp3,2_228.png,mp3,002228,002,228,2,_,228
002228_2.mp3,2_228.png,mp3,002228,002,228,2,_,228
002228_3.mp3,2_228.png,mp3,002228,002,228,2,_,228
002228_4.mp3,2_228.png,mp3,002228,002,228,2,_,228
002229_1.mp3,2_229.png,mp3,002229,002,229,2,_,229
002229_2.mp3,2_229.png,mp3,002229,002,229,2,_,229
002229_3.mp3,2_229.png,mp3,002229,002,229,2,_,229
002230_1.mp3,2_230.png,mp3,002230,002,230,2,_,230
002230_2.mp3,2_230.png,mp3,002230,002,230,2,_,230
002231_1.mp3,2_231.png,mp3,002231,002,231,2,_,231
002231_2.mp3,2_231.png,mp3,002231,002,231,2,_,231
002231_3.mp3,2_231.png,mp3,002231,002,231,2,_,231
002231_4.mp3,2_231.png,mp3,002231,002,231,2,_,231
002232_1.mp3,2_232.png,mp3,002232,002,232,2,_,232
002232_2.mp3,2_232.png,mp3,002232,002,232,2,_,232
002233_1.mp3,2_233.png,mp3,002233,002,233,2,_,233
002233_2.mp3,2_233.png,mp3,002233,002,233,2,_,233
002234_1.mp3,2_234.png,mp3,002234,002,234,2,_,234
002234_2.mp3,2_234.png,mp3,002234,002,234,2,_,234
002235_1.mp3,2_235.png,mp3,002235,002,235,2,_,235
002235_2.mp3,2_235.png,mp3,002235,002,235,2,_,235
002235_3.mp3,2_235.png,mp3,002235,002,235,2,_,235
002236.mp3,2_236.png,mp3,002236,002,236,2,_,236
002237_1.mp3,2_237.png,mp3,002237,002,237,2,_,237
002237_2.mp3,2_237.png,mp3,002237,002,237,2,_,237
002237_3.mp3,2_237.png,mp3,002237,002,237,2,_,237
002238.mp3,2_238.png,mp3,002238,002,238,2,_,238
002239.mp3,2_239.png,mp3,002239,002,239,2,_,239
002240_1.mp3,2_240.png,mp3,002240,002,240,2,_,240
002240_2.mp3,2_240.png,mp3,002240,002,240,2,_,240
002240_3.mp3,2_240.png,mp3,002240,002,240,2,_,240
002241.mp3,2_241.png,mp3,002241,002,241,2,_,241
002242.mp3,2_242.png,mp3,002242,002,242,2,_,242
002243.mp3,2_243.png,mp3,002243,002,243,2,_,243
002244.mp3,2_244.png,mp3,002244,002,244,2,_,244
002245_1.mp3,2_245.png,mp3,002245,002,245,2,_,245
002245_2.mp3,2_245.png,mp3,002245,002,245,2,_,245
002246_1.mp3,2_246.png,mp3,002246,002,246,2,_,246
002246_2.mp3,2_246.png,mp3,002246,002,246,2,_,246
002246_3.mp3,2_246.png,mp3,002246,002,246,2,_,246
002246_4.mp3,2_246.png,mp3,002246,002,246,2,_,246
002246_5.mp3,2_246.png,mp3,002246,002,246,2,_,246
002247_1.mp3,2_247.png,mp3,002247,002,247,2,_,247
002247_2.mp3,2_247.png,mp3,002247,002,247,2,_,247
002247_3.mp3,2_247.png,mp3,002247,002,247,2,_,247
002247_4.mp3,2_247.png,mp3,002247,002,247,2,_,247
002247_5.mp3,2_247.png,mp3,002247,002,247,2,_,247
002248_1.mp3,2_248.png,mp3,002248,002,248,2,_,248
002248_2.mp3,2_248.png,mp3,002248,002,248,2,_,248
002248_3.mp3,2_248.png,mp3,002248,002,248,2,_,248
002249_1.mp3,2_249.png,mp3,002249,002,249,2,_,249
002249_2.mp3,2_249.png,mp3,002249,002,249,2,_,249
002249_3.mp3,2_249.png,mp3,002249,002,249,2,_,249
002249_4.mp3,2_249.png,mp3,002249,002,249,2,_,249
002249_5.mp3,2_249.png,mp3,002249,002,249,2,_,249
002249_6.mp3,2_249.png,mp3,002249,002,249,2,_,249
002250.mp3,2_250.png,mp3,002250,002,250,2,_,250
002251_1.mp3,2_251.png,mp3,002251,002,251,2,_,251
002251_2.mp3,2_251.png,mp3,002251,002,251,2,_,251
002252_1.mp3,2_252.png,mp3,002252,002,252,2,_,252
002252_2.mp3,2_252.png,mp3,002252,002,252,2,_,252
002253_1.mp3,2_253.png,mp3,002253,002,253,2,_,253
002253_2.mp3,2_253.png,mp3,002253,002,253,2,_,253
002253_3.mp3,2_253.png,mp3,002253,002,253,2,_,253
002254.mp3,2_254.png,mp3,002254,002,254,2,_,254
002255_1.mp3,2_255.png,mp3,002255,002,255,2,_,255
002255_2.mp3,2_255.png,mp3,002255,002,255,2,_,255
002255_3.mp3,2_255.png,mp3,002255,002,255,2,_,255
002255_4.mp3,2_255.png,mp3,002255,002,255,2,_,255
002255_5.mp3,2_255.png,mp3,002255,002,255,2,_,255
002255_6.mp3,2_255.png,mp3,002255,002,255,2,_,255
002255_7.mp3,2_255.png,mp3,002255,002,255,2,_,255
002256_1.mp3,2_256.png,mp3,002256,002,256,2,_,256
002256_2.mp3,2_256.png,mp3,002256,002,256,2,_,256
002256_3.mp3,2_256.png,mp3,002256,002,256,2,_,256
002256_4.mp3,2_256.png,mp3,002256,002,256,2,_,256
002257_1.mp3,2_257.png,mp3,002257,002,257,2,_,257
002257_2.mp3,2_257.png,mp3,002257,002,257,2,_,257
002257_3.mp3,2_257.png,mp3,002257,002,257,2,_,257
002258_1.mp3,2_258.png,mp3,002258,002,258,2,_,258
002258_2.mp3,2_258.png,mp3,002258,002,258,2,_,258
002258_3.mp3,2_258.png,mp3,002258,002,258,2,_,258
002258_4.mp3,2_258.png,mp3,002258,002,258,2,_,258
002259_1.mp3,2_259.png,mp3,002259,002,259,2,_,259
002259_2.mp3,2_259.png,mp3,002259,002,259,2,_,259
002259_3.mp3,2_259.png,mp3,002259,002,259,2,_,259
002260_1.mp3,2_260.png,mp3,002260,002,260,2,_,260
002260_2.mp3,2_260.png,mp3,002260,002,260,2,_,260
002260_3.mp3,2_260.png,mp3,002260,002,260,2,_,260
002260_4.mp3,2_260.png,mp3,002260,002,260,2,_,260
002261_1.mp3,2_261.png,mp3,002261,002,261,2,_,261
002261_2.mp3,2_261.png,mp3,002261,002,261,2,_,261
002262_1.mp3,2_262.png,mp3,002262,002,262,2,_,262
002262_2.mp3,2_262.png,mp3,002262,002,262,2,_,262
002263_1.mp3,2_263.png,mp3,002263,002,263,2,_,263
002263_2.mp3,2_263.png,mp3,002263,002,263,2,_,263
002264_1.mp3,2_264.png,mp3,002264,002,264,2,_,264
002264_2.mp3,2_264.png,mp3,002264,002,264,2,_,264
002264_3.mp3,2_264.png,mp3,002264,002,264,2,_,264
002264_4.mp3,2_264.png,mp3,002264,002,264,2,_,264
002264_5.mp3,2_264.png,mp3,002264,002,264,2,_,264
002265_1.mp3,2_265.png,mp3,002265,002,265,2,_,265
002265_2.mp3,2_265.png,mp3,002265,002,265,2,_,265
002266_1.mp3,2_266.png,mp3,002266,002,266,2,_,266
002266_2.mp3,2_266.png,mp3,002266,002,266,2,_,266
002266_3.mp3,2_266.png,mp3,002266,002,266,2,_,266
002266_4.mp3,2_266.png,mp3,002266,002,266,2,_,266
002267_1.mp3,2_267.png,mp3,002267,002,267,2,_,267
002267_2.mp3,2_267.png,mp3,002267,002,267,2,_,267
002267_3.mp3,2_267.png,mp3,002267,002,267,2,_,267
002268_1.mp3,2_268.png,mp3,002268,002,268,2,_,268
002268_2.mp3,2_268.png,mp3,002268,002,268,2,_,268
002268_3.mp3,2_268.png,mp3,002268,002,268,2,_,268
002269_1.mp3,2_269.png,mp3,002269,002,269,2,_,269
002269_2.mp3,2_269.png,mp3,002269,002,269,2,_,269
002270_1.mp3,2_270.png,mp3,002270,002,270,2,_,270
002270_2.mp3,2_270.png,mp3,002270,002,270,2,_,270
002271_1.mp3,2_271.png,mp3,002271,002,271,2,_,271
002271_2.mp3,2_271.png,mp3,002271,002,271,2,_,271
002271_3.mp3,2_271.png,mp3,002271,002,271,2,_,271
002272_1.mp3,2_272.png,mp3,002272,002,272,2,_,272
002272_2.mp3,2_272.png,mp3,002272,002,272,2,_,272
002272_3.mp3,2_272.png,mp3,002272,002,272,2,_,272
002273_1.mp3,2_273.png,mp3,002273,002,273,2,_,273
002273_2.mp3,2_273.png,mp3,002273,002,273,2,_,273
002274_1.mp3,2_274.png,mp3,002274,002,274,2,_,274
002274_2.mp3,2_274.png,mp3,002274,002,274,2,_,274
002275_1.mp3,2_275.png,mp3,002275,002,275,2,_,275
002275_2.mp3,2_275.png,mp3,002275,002,275,2,_,275
002276.mp3,2_276.png,mp3,002276,002,276,2,_,276
002277.mp3,2_277.png,mp3,002277,002,277,2,_,277
002278.mp3,2_278.png,mp3,002278,002,278,2,_,278
002279_1.mp3,2_279.png,mp3,002279,002,279,2,_,279
002279_2.mp3,2_279.png,mp3,002279,002,279,2,_,279
002280_1.mp3,2_280.png,mp3,002280,002,280,2,_,280
002280_2.mp3,2_280.png,mp3,002280,002,280,2,_,280
002281_1.mp3,2_281.png,mp3,002281,002,281,2,_,281
002281_2.mp3,2_281.png,mp3,002281,002,281,2,_,281
002282_1.mp3,2_282.png,mp3,002282,002,282,2,_,282
002282_2.mp3,2_282.png,mp3,002282,002,282,2,_,282
002282_3.mp3,2_282.png,mp3,002282,002,282,2,_,282
002282_4.mp3,2_282.png,mp3,002282,002,282,2,_,282
002282_5.mp3,2_282.png,mp3,002282,002,282,2,_,282
002282_6.mp3,2_282.png,mp3,002282,002,282,2,_,282
002282_7.mp3,2_282.png,mp3,002282,002,282,2,_,282
002282_8.mp3,2_282.png,mp3,002282,002,282,2,_,282
002282_9.mp3,2_282.png,mp3,002282,002,282,2,_,282
002283_1.mp3,2_283.png,mp3,002283,002,283,2,_,283
002283_2.mp3,2_283.png,mp3,002283,002,283,2,_,283
002283_3.mp3,2_283.png,mp3,002283,002,283,2,_,283
002284_1.mp3,2_284.png,mp3,002284,002,284,2,_,284
002284_2.mp3,2_284.png,mp3,002284,002,284,2,_,284
002285_1.mp3,2_285.png,mp3,002285,002,285,2,_,285
002285_2.mp3,2_285.png,mp3,002285,002,285,2,_,285
002285_3.mp3,2_285.png,mp3,002285,002,285,2,_,285
002286_1.mp3,2_286.png,mp3,002286,002,286,2,_,286
002286_2.mp3,2_286.png,mp3,002286,002,286,2,_,286
002286_3.mp3,2_286.png,mp3,002286,002,286,2,_,286
003001_1.mp3,3_1.png,mp3,003001,003,001,3,_,1
003001_2.mp3,3_1.png,mp3,003001,003,001,3,_,1
003002.mp3,3_2.png,mp3,003002,003,002,3,_,2
003003.mp3,3_3.png,mp3,003003,003,003,3,_,3
003004_1.mp3,3_4.png,mp3,003004,003,004,3,_,4
003004_2.mp3,3_4.png,mp3,003004,003,004,3,_,4
003004_3.mp3,3_4.png,mp3,003004,003,004,3,_,4
003005.mp3,3_5.png,mp3,003005,003,005,3,_,5
003006_1.mp3,3_6.png,mp3,003006,003,006,3,_,6
003006_2.mp3,3_6.png,mp3,003006,003,006,3,_,6
003007_1.mp3,3_7.png,mp3,003007,003,007,3,_,7
003007_2.mp3,3_7.png,mp3,003007,003,007,3,_,7
003007_3.mp3,3_7.png,mp3,003007,003,007,3,_,7
003007_4.mp3,3_7.png,mp3,003007,003,007,3,_,7
003007_5.mp3,3_7.png,mp3,003007,003,007,3,_,7
003008_1.mp3,3_8.png,mp3,003008,003,008,3,_,8
003008_2.mp3,3_8.png,mp3,003008,003,008,3,_,8
003009_1.mp3,3_9.png,mp3,003009,003,009,3,_,9
003009_2.mp3,3_9.png,mp3,003009,003,009,3,_,9
003010_1.mp3,3_10.png,mp3,003010,003,010,3,_,10
003010_2.mp3,3_10.png,mp3,003010,003,010,3,_,10
003011_1.mp3,3_11.png,mp3,003011,003,011,3,_,11
003011_2.mp3,3_11.png,mp3,003011,003,011,3,_,11
003012_1.mp3,3_12.png,mp3,003012,003,012,3,_,12
003012_2.mp3,3_12.png,mp3,003012,003,012,3,_,12
003013_1.mp3,3_13.png,mp3,003013,003,013,3,_,13
003013_2.mp3,3_13.png,mp3,003013,003,013,3,_,13
003013_3.mp3,3_13.png,mp3,003013,003,013,3,_,13
003013_4.mp3,3_13.png,mp3,003013,003,013,3,_,13
003014_1.mp3,3_14.png,mp3,003014,003,014,3,_,14
003014_2.mp3,3_14.png,mp3,003014,003,014,3,_,14
003014_3.mp3,3_14.png,mp3,003014,003,014,3,_,14
003015_1.mp3,3_15.png,mp3,003015,003,015,3,_,15
003015_2.mp3,3_15.png,mp3,003015,003,015,3,_,15
003015_3.mp3,3_15.png,mp3,003015,003,015,3,_,15
003015_4.mp3,3_15.png,mp3,003015,003,015,3,_,15
003016.mp3,3_16.png,mp3,003016,003,016,3,_,16
003017.mp3,3_17.png,mp3,003017,003,017,3,_,17
003018_1.mp3,3_18.png,mp3,003018,003,018,3,_,18
003018_2.mp3,3_18.png,mp3,003018,003,018,3,_,18
003019_1.mp3,3_19.png,mp3,003019,003,019,3,_,19
003019_2.mp3,3_19.png,mp3,003019,003,019,3,_,19
003019_3.mp3,3_19.png,mp3,003019,003,019,3,_,19
003020_1.mp3,3_20.png,mp3,003020,003,020,3,_,20
003020_2.mp3,3_20.png,mp3,003020,003,020,3,_,20
003020_3.mp3,3_20.png,mp3,003020,003,020,3,_,20
003020_4.mp3,3_20.png,mp3,003020,003,020,3,_,20
003020_5.mp3,3_20.png,mp3,003020,003,020,3,_,20
003021_1.mp3,3_21.png,mp3,003021,003,021,3,_,21
003021_2.mp3,3_21.png,mp3,003021,003,021,3,_,21
003022.mp3,3_22.png,mp3,003022,003,022,3,_,22
003023_1.mp3,3_23.png,mp3,003023,003,023,3,_,23
003023_2.mp3,3_23.png,mp3,003023,003,023,3,_,23
003024_1.mp3,3_24.png,mp3,003024,003,024,3,_,24
003024_2.mp3,3_24.png,mp3,003024,003,024,3,_,24
003025.mp3,3_25.png,mp3,003025,003,025,3,_,25
003026_1.mp3,3_26.png,mp3,003026,003,026,3,_,26
003026_2.mp3,3_26.png,mp3,003026,003,026,3,_,26
003026_3.mp3,3_26.png,mp3,003026,003,026,3,_,26
003026_4.mp3,3_26.png,mp3,003026,003,026,3,_,26
003027_1.mp3,3_27.png,mp3,003027,003,027,3,_,27
003027_2.mp3,3_27.png,mp3,003027,003,027,3,_,27
003027_3.mp3,3_27.png,mp3,003027,003,027,3,_,27
003028_1.mp3,3_28.png,mp3,003028,003,028,3,_,28
003028_2.mp3,3_28.png,mp3,003028,003,028,3,_,28
003028_3.mp3,3_28.png,mp3,003028,003,028,3,_,28
003028_4.mp3,3_28.png,mp3,003028,003,028,3,_,28
003029_1.mp3,3_29.png,mp3,003029,003,029,3,_,29
003029_2.mp3,3_29.png,mp3,003029,003,029,3,_,29
003029_3.mp3,3_29.png,mp3,003029,003,029,3,_,29
003030_1.mp3,3_30.png,mp3,003030,003,030,3,_,30
003030_2.mp3,3_30.png,mp3,003030,003,030,3,_,30
003030_3.mp3,3_30.png,mp3,003030,003,030,3,_,30
003031_1.mp3,3_31.png,mp3,003031,003,031,3,_,31
003031_2.mp3,3_31.png,mp3,003031,003,031,3,_,31
003032_1.mp3,3_32.png,mp3,003032,003,032,3,_,32
003032_2.mp3,3_32.png,mp3,003032,003,032,3,_,32
003033.mp3,3_33.png,mp3,003033,003,033,3,_,33
003034_1.mp3,3_34.png,mp3,003034,003,034,3,_,34
003034_2.mp3,3_34.png,mp3,003034,003,034,3,_,34
003035_1.mp3,3_35.png,mp3,003035,003,035,3,_,35
003035_2.mp3,3_35.png,mp3,003035,003,035,3,_,35
003036_1.mp3,3_36.png,mp3,003036,003,036,3,_,36
003036_2.mp3,3_36.png,mp3,003036,003,036,3,_,36
003037_1.mp3,3_37.png,mp3,003037,003,037,3,_,37
003037_2.mp3,3_37.png,mp3,003037,003,037,3,_,37
003037_3.mp3,3_37.png,mp3,003037,003,037,3,_,37
003037_4.mp3,3_37.png,mp3,003037,003,037,3,_,37
003037_5.mp3,3_37.png,mp3,003037,003,037,3,_,37
003038_1.mp3,3_38.png,mp3,003038,003,038,3,_,38
003038_2.mp3,3_38.png,mp3,003038,003,038,3,_,38
003038_3.mp3,3_38.png,mp3,003038,003,038,3,_,38
003039_1.mp3,3_39.png,mp3,003039,003,039,3,_,39
003039_2.mp3,3_39.png,mp3,003039,003,039,3,_,39
003040_1.mp3,3_40.png,mp3,003040,003,040,3,_,40
003040_2.mp3,3_40.png,mp3,003040,003,040,3,_,40
003041_1.mp3,3_41.png,mp3,003041,003,041,3,_,41
003041_2.mp3,3_41.png,mp3,003041,003,041,3,_,41
003041_3.mp3,3_41.png,mp3,003041,003,041,3,_,41
003042.mp3,3_42.png,mp3,003042,003,042,3,_,42
003043.mp3,3_43.png,mp3,003043,003,043,3,_,43
003044_1.mp3,3_44.png,mp3,003044,003,044,3,_,44
003044_2.mp3,3_44.png,mp3,003044,003,044,3,_,44
003044_3.mp3,3_44.png,mp3,003044,003,044,3,_,44
003045.mp3,3_45.png,mp3,003045,003,045,3,_,45
003046.mp3,3_46.png,mp3,003046,003,046,3,_,46
003047_1.mp3,3_47.png,mp3,003047,003,047,3,_,47
003047_2.mp3,3_47.png,mp3,003047,003,047,3,_,47
003047_3.mp3,3_47.png,mp3,003047,003,047,3,_,47
003048.mp3,3_48.png,mp3,003048,003,048,3,_,48
003049_1.mp3,3_49.png,mp3,003049,003,049,3,_,49
003049_2.mp3,3_49.png,mp3,003049,003,049,3,_,49
003049_3.mp3,3_49.png,mp3,003049,003,049,3,_,49
003049_4.mp3,3_49.png,mp3,003049,003,049,3,_,49
003049_5.mp3,3_49.png,mp3,003049,003,049,3,_,49
003050_1.mp3,3_50.png,mp3,003050,003,050,3,_,50
003050_2.mp3,3_50.png,mp3,003050,003,050,3,_,50
003050_3.mp3,3_50.png,mp3,003050,003,050,3,_,50
003051_1.mp3,3_51.png,mp3,003051,003,051,3,_,51
003051_2.mp3,3_51.png,mp3,003051,003,051,3,_,51
003052_1.mp3,3_52.png,mp3,003052,003,052,3,_,52
003052_2.mp3,3_52.png,mp3,003052,003,052,3,_,52
003053.mp3,3_53.png,mp3,003053,003,053,3,_,53
003054_1.mp3,3_54.png,mp3,003054,003,054,3,_,54
003054_2.mp3,3_54.png,mp3,003054,003,054,3,_,54
003055_1.mp3,3_55.png,mp3,003055,003,055,3,_,55
003055_2.mp3,3_55.png,mp3,003055,003,055,3,_,55
003055_3.mp3,3_55.png,mp3,003055,003,055,3,_,55
003056.mp3,3_56.png,mp3,003056,003,056,3,_,56
003057_1.mp3,3_57.png,mp3,003057,003,057,3,_,57
003057_2.mp3,3_57.png,mp3,003057,003,057,3,_,57
003058.mp3,3_58.png,mp3,003058,003,058,3,_,58
003059_1.mp3,3_59.png,mp3,003059,003,059,3,_,59
003059_2.mp3,3_59.png,mp3,003059,003,059,3,_,59
003060.mp3,3_60.png,mp3,003060,003,060,3,_,60
003061_1.mp3,3_61.png,mp3,003061,003,061,3,_,61
003061_2.mp3,3_61.png,mp3,003061,003,061,3,_,61
003062_1.mp3,3_62.png,mp3,003062,003,062,3,_,62
003062_2.mp3,3_62.png,mp3,003062,003,062,3,_,62
003062_3.mp3,3_62.png,mp3,003062,003,062,3,_,62
003063.mp3,3_63.png,mp3,003063,003,063,3,_,63
003064_1.mp3,3_64.png,mp3,003064,003,064,3,_,64
003064_2.mp3,3_64.png,mp3,003064,003,064,3,_,64
003064_3.mp3,3_64.png,mp3,003064,003,064,3,_,64
003065_1.mp3,3_65.png,mp3,003065,003,065,3,_,65
003065_2.mp3,3_65.png,mp3,003065,003,065,3,_,65
003066_1.mp3,3_66.png,mp3,003066,003,066,3,_,66
003066_2.mp3,3_66.png,mp3,003066,003,066,3,_,66
003067.mp3,3_67.png,mp3,003067,003,067,3,_,67
003068_1.mp3,3_68.png,mp3,003068,003,068,3,_,68
003068_2.mp3,3_68.png,mp3,003068,003,068,3,_,68
003069_1.mp3,3_69.png,mp3,003069,003,069,3,_,69
003069_2.mp3,3_69.png,mp3,003069,003,069,3,_,69
003070.mp3,3_70.png,mp3,003070,003,070,3,_,70
003071.mp3,3_71.png,mp3,003071,003,071,3,_,71
003072.mp3,3_72.png,mp3,003072,003,072,3,_,72
003073_1.mp3,3_73.png,mp3,003073,003,073,3,_,73
003073_2.mp3,3_73.png,mp3,003073,003,073,3,_,73
003073_3.mp3,3_73.png,mp3,003073,003,073,3,_,73
003074.mp3,3_74.png,mp3,003074,003,074,3,_,74
003075_1.mp3,3_75.png,mp3,003075,003,075,3,_,75
003075_2.mp3,3_75.png,mp3,003075,003,075,3,_,75
003075_3.mp3,3_75.png,mp3,003075,003,075,3,_,75
003076.mp3,3_76.png,mp3,003076,003,076,3,_,76
003077_1.mp3,3_77.png,mp3,003077,003,077,3,_,77
003077_2.mp3,3_77.png,mp3,003077,003,077,3,_,77
003077_3.mp3,3_77.png,mp3,003077,003,077,3,_,77
003078_1.mp3,3_78.png,mp3,003078,003,078,3,_,78
003078_2.mp3,3_78.png,mp3,003078,003,078,3,_,78
003078_3.mp3,3_78.png,mp3,003078,003,078,3,_,78
003079_1.mp3,3_79.png,mp3,003079,003,079,3,_,79
003079_2.mp3,3_79.png,mp3,003079,003,079,3,_,79
003079_3.mp3,3_79.png,mp3,003079,003,079,3,_,79
003080_1.mp3,3_80.png,mp3,003080,003,080,3,_,80
003080_2.mp3,3_80.png,mp3,003080,003,080,3,_,80
003081_1.mp3,3_81.png,mp3,003081,003,081,3,_,81
003081_2.mp3,3_81.png,mp3,003081,003,081,3,_,81
003081_3.mp3,3_81.png,mp3,003081,003,081,3,_,81
003081_4.mp3,3_81.png,mp3,003081,003,081,3,_,81
003081_5.mp3,3_81.png,mp3,003081,003,081,3,_,81
003082.mp3,3_82.png,mp3,003082,003,082,3,_,82
003083.mp3,3_83.png,mp3,003083,003,083,3,_,83
003084_1.mp3,3_84.png,mp3,003084,003,084,3,_,84
003084_2.mp3,3_84.png,mp3,003084,003,084,3,_,84
003084_3.mp3,3_84.png,mp3,003084,003,084,3,_,84
003085.mp3,3_85.png,mp3,003085,003,085,3,_,85
003086_1.mp3,3_86.png,mp3,003086,003,086,3,_,86
003086_2.mp3,3_86.png,mp3,003086,003,086,3,_,86
003087.mp3,3_87.png,mp3,003087,003,087,3,_,87
003088.mp3,3_88.png,mp3,003088,003,088,3,_,88
003089.mp3,3_89.png,mp3,003089,003,089,3,_,89
003090.mp3,3_90.png,mp3,003090,003,090,3,_,90
003091_1.mp3,3_91.png,mp3,003091,003,091,3,_,91
003091_2.mp3,3_91.png,mp3,003091,003,091,3,_,91
003092_1.mp3,3_92.png,mp3,003092,003,092,3,_,92
003092_2.mp3,3_92.png,mp3,003092,003,092,3,_,92
003093_1.mp3,3_93.png,mp3,003093,003,093,3,_,93
003093_2.mp3,3_93.png,mp3,003093,003,093,3,_,93
003094.mp3,3_94.png,mp3,003094,003,094,3,_,94
003095_1.mp3,3_95.png,mp3,003095,003,095,3,_,95
003095_2.mp3,3_95.png,mp3,003095,003,095,3,_,95
003096.mp3,3_96.png,mp3,003096,003,096,3,_,96
003097_1.mp3,3_97.png,mp3,003097,003,097,3,_,97
003097_2.mp3,3_97.png,mp3,003097,003,097,3,_,97
003097_3.mp3,3_97.png,mp3,003097,003,097,3,_,97
003098.mp3,3_98.png,mp3,003098,003,098,3,_,98
003099_1.mp3,3_99.png,mp3,003099,003,099,3,_,99
003099_2.mp3,3_99.png,mp3,003099,003,099,3,_,99
003100.mp3,3_100.png,mp3,003100,003,100,3,_,100
003101_1.mp3,3_101.png,mp3,003101,003,101,3,_,101
003101_2.mp3,3_101.png,mp3,003101,003,101,3,_,101
003102.mp3,3_102.png,mp3,003102,003,102,3,_,102
003103_1.mp3,3_103.png,mp3,003103,003,103,3,_,103
003103_2.mp3,3_103.png,mp3,003103,003,103,3,_,103
003103_3.mp3,3_103.png,mp3,003103,003,103,3,_,103
003103_4.mp3,3_103.png,mp3,003103,003,103,3,_,103
003104_1.mp3,3_104.png,mp3,003104,003,104,3,_,104
003104_2.mp3,3_104.png,mp3,003104,003,104,3,_,104
003105_1.mp3,3_105.png,mp3,003105,003,105,3,_,105
003105_2.mp3,3_105.png,mp3,003105,003,105,3,_,105
003106_1.mp3,3_106.png,mp3,003106,003,106,3,_,106
003106_2.mp3,3_106.png,mp3,003106,003,106,3,_,106
003107.mp3,3_107.png,mp3,003107,003,107,3,_,107
003108_1.mp3,3_108.png,mp3,003108,003,108,3,_,108
003108_2.mp3,3_108.png,mp3,003108,003,108,3,_,108
003109_1.mp3,3_109.png,mp3,003109,003,109,3,_,109
003109_2.mp3,3_109.png,mp3,003109,003,109,3,_,109
003110_1.mp3,3_110.png,mp3,003110,003,110,3,_,110
003110_2.mp3,3_110.png,mp3,003110,003,110,3,_,110
003110_3.mp3,3_110.png,mp3,003110,003,110,3,_,110
003111.mp3,3_111.png,mp3,003111,003,111,3,_,111
003112_1.mp3,3_112.png,mp3,003112,003,112,3,_,112
003112_2.mp3,3_112.png,mp3,003112,003,112,3,_,112
003112_3.mp3,3_112.png,mp3,003112,003,112,3,_,112
003112_4.mp3,3_112.png,mp3,003112,003,112,3,_,112
003113_1.mp3,3_113.png,mp3,003113,003,113,3,_,113
003113_2.mp3,3_113.png,mp3,003113,003,113,3,_,113
003114_1.mp3,3_114.png,mp3,003114,003,114,3,_,114
003114_2.mp3,3_114.png,mp3,003114,003,114,3,_,114
003115_1.mp3,3_115.png,mp3,003115,003,115,3,_,115
003115_2.mp3,3_115.png,mp3,003115,003,115,3,_,115
003116_1.mp3,3_116.png,mp3,003116,003,116,3,_,116
003116_2.mp3,3_116.png,mp3,003116,003,116,3,_,116
003117_1.mp3,3_117.png,mp3,003117,003,117,3,_,117
003117_2.mp3,3_117.png,mp3,003117,003,117,3,_,117
003117_3.mp3,3_117.png,mp3,003117,003,117,3,_,117
003118_1.mp3,3_118.png,mp3,003118,003,118,3,_,118
003118_2.mp3,3_118.png,mp3,003118,003,118,3,_,118
003118_3.mp3,3_118.png,mp3,003118,003,118,3,_,118
003119_1.mp3,3_119.png,mp3,003119,003,119,3,_,119
003119_2.mp3,3_119.png,mp3,003119,003,119,3,_,119
003119_3.mp3,3_119.png,mp3,003119,003,119,3,_,119
003119_4.mp3,3_119.png,mp3,003119,003,119,3,_,119
003120_1.mp3,3_120.png,mp3,003120,003,120,3,_,120
003120_2.mp3,3_120.png,mp3,003120,003,120,3,_,120
003120_3.mp3,3_120.png,mp3,003120,003,120,3,_,120
003121.mp3,3_121.png,mp3,003121,003,121,3,_,121
003122_1.mp3,3_122.png,mp3,003122,003,122,3,_,122
003122_2.mp3,3_122.png,mp3,003122,003,122,3,_,122
003123_1.mp3,3_123.png,mp3,003123,003,123,3,_,123
003123_2.mp3,3_123.png,mp3,003123,003,123,3,_,123
003124.mp3,3_124.png,mp3,003124,003,124,3,_,124
003125_1.mp3,3_125.png,mp3,003125,003,125,3,_,125
003125_2.mp3,3_125.png,mp3,003125,003,125,3,_,125
003126_1.mp3,3_126.png,mp3,003126,003,126,3,_,126
003126_2.mp3,3_126.png,mp3,003126,003,126,3,_,126
003127.mp3,3_127.png,mp3,003127,003,127,3,_,127
003128.mp3,3_128.png,mp3,003128,003,128,3,_,128
003129_1.mp3,3_129.png,mp3,003129,003,129,3,_,129
003129_2.mp3,3_129.png,mp3,003129,003,129,3,_,129
003130_1.mp3,3_130.png,mp3,003130,003,130,3,_,130
003130_2.mp3,3_130.png,mp3,003130,003,130,3,_,130
003131.mp3,3_131.png,mp3,003131,003,131,3,_,131
003132.mp3,3_132.png,mp3,003132,003,132,3,_,132
003133.mp3,3_133.png,mp3,003133,003,133,3,_,133
003134_1.mp3,3_134.png,mp3,003134,003,134,3,_,134
003134_2.mp3,3_134.png,mp3,003134,003,134,3,_,134
003135_1.mp3,3_135.png,mp3,003135,003,135,3,_,135
003135_2.mp3,3_135.png,mp3,003135,003,135,3,_,135
003136_1.mp3,3_136.png,mp3,003136,003,136,3,_,136
003136_2.mp3,3_136.png,mp3,003136,003,136,3,_,136
003137.mp3,3_137.png,mp3,003137,003,137,3,_,137
003138.mp3,3_138.png,mp3,003138,003,138,3,_,138
003139.mp3,3_139.png,mp3,003139,003,139,3,_,139
003140_1.mp3,3_140.png,mp3,003140,003,140,3,_,140
003140_2.mp3,3_140.png,mp3,003140,003,140,3,_,140
003141.mp3,3_141.png,mp3,003141,003,141,3,_,141
003142.mp3,3_142.png,mp3,003142,003,142,3,_,142
003143.mp3,3_143.png,mp3,003143,003,143,3,_,143
003144_1.mp3,3_144.png,mp3,003144,003,144,3,_,144
003144_2.mp3,3_144.png,mp3,003144,003,144,3,_,144
003144_3.mp3,3_144.png,mp3,003144,003,144,3,_,144
003144_4.mp3,3_144.png,mp3,003144,003,144,3,_,144
003145_1.mp3,3_145.png,mp3,003145,003,145,3,_,145
003145_2.mp3,3_145.png,mp3,003145,003,145,3,_,145
003145_3.mp3,3_145.png,mp3,003145,003,145,3,_,145
003146_1.mp3,3_146.png,mp3,003146,003,146,3,_,146
003146_2.mp3,3_146.png,mp3,003146,003,146,3,_,146
003146_3.mp3,3_146.png,mp3,003146,003,146,3,_,146
003147_1.mp3,3_147.png,mp3,003147,003,147,3,_,147
003147_2.mp3,3_147.png,mp3,003147,003,147,3,_,147
003148_1.mp3,3_148.png,mp3,003148,003,148,3,_,148
003148_2.mp3,3_148.png,mp3,003148,003,148,3,_,148
003149.mp3,3_149.png,mp3,003149,003,149,3,_,149
003150.mp3,3_150.png,mp3,003150,003,150,3,_,150
003151_1.mp3,3_151.png,mp3,003151,003,151,3,_,151
003151_2.mp3,3_151.png,mp3,003151,003,151,3,_,151
003151_3.mp3,3_151.png,mp3,003151,003,151,3,_,151
003152_1.mp3,3_152.png,mp3,003152,003,152,3,_,152
003152_2.mp3,3_152.png,mp3,003152,003,152,3,_,152
003152_3.mp3,3_152.png,mp3,003152,003,152,3,_,152
003152_4.mp3,3_152.png,mp3,003152,003,152,3,_,152
003152_5.mp3,3_152.png,mp3,003152,003,152,3,_,152
003152_6.mp3,3_152.png,mp3,003152,003,152,3,_,152
003153_1.mp3,3_153.png,mp3,003153,003,153,3,_,153
003153_2.mp3,3_153.png,mp3,003153,003,153,3,_,153
003153_3.mp3,3_153.png,mp3,003153,003,153,3,_,153
003154_1.mp3,3_154.png,mp3,003154,003,154,3,_,154
003154_2.mp3,3_154.png,mp3,003154,003,154,3,_,154
003154_3.mp3,3_154.png,mp3,003154,003,154,3,_,154
003154_4.mp3,3_154.png,mp3,003154,003,154,3,_,154
003154_5.mp3,3_154.png,mp3,003154,003,154,3,_,154
003154_6.mp3,3_154.png,mp3,003154,003,154,3,_,154
003154_7.mp3,3_154.png,mp3,003154,003,154,3,_,154
003154_8.mp3,3_154.png,mp3,003154,003,154,3,_,154
003155_1.mp3,3_155.png,mp3,003155,003,155,3,_,155
003155_2.mp3,3_155.png,mp3,003155,003,155,3,_,155
003155_3.mp3,3_155.png,mp3,003155,003,155,3,_,155
003156_1.mp3,3_156.png,mp3,003156,003,156,3,_,156
003156_2.mp3,3_156.png,mp3,003156,003,156,3,_,156
003156_3.mp3,3_156.png,mp3,003156,003,156,3,_,156
003156_4.mp3,3_156.png,mp3,003156,003,156,3,_,156
003157.mp3,3_157.png,mp3,003157,003,157,3,_,157
003158.mp3,3_158.png,mp3,003158,003,158,3,_,158
003159_1.mp3,3_159.png,mp3,003159,003,159,3,_,159
003159_2.mp3,3_159.png,mp3,003159,003,159,3,_,159
003159_3.mp3,3_159.png,mp3,003159,003,159,3,_,159
003159_4.mp3,3_159.png,mp3,003159,003,159,3,_,159
003159_5.mp3,3_159.png,mp3,003159,003,159,3,_,159
003160_1.mp3,3_160.png,mp3,003160,003,160,3,_,160
003160_2.mp3,3_160.png,mp3,003160,003,160,3,_,160
003160_3.mp3,3_160.png,mp3,003160,003,160,3,_,160
003161_1.mp3,3_161.png,mp3,003161,003,161,3,_,161
003161_2.mp3,3_161.png,mp3,003161,003,161,3,_,161
003161_3.mp3,3_161.png,mp3,003161,003,161,3,_,161
003162_1.mp3,3_162.png,mp3,003162,003,162,3,_,162
003162_2.mp3,3_162.png,mp3,003162,003,162,3,_,162
003163_1.mp3,3_163.png,mp3,003163,003,163,3,_,163
003163_2.mp3,3_163.png,mp3,003163,003,163,3,_,163
003164_1.mp3,3_164.png,mp3,003164,003,164,3,_,164
003164_2.mp3,3_164.png,mp3,003164,003,164,3,_,164
003165_1.mp3,3_165.png,mp3,003165,003,165,3,_,165
003165_2.mp3,3_165.png,mp3,003165,003,165,3,_,165
003165_3.mp3,3_165.png,mp3,003165,003,165,3,_,165
003166.mp3,3_166.png,mp3,003166,003,166,3,_,166
003167_1.mp3,3_167.png,mp3,003167,003,167,3,_,167
003167_2.mp3,3_167.png,mp3,003167,003,167,3,_,167
003167_3.mp3,3_167.png,mp3,003167,003,167,3,_,167
003167_4.mp3,3_167.png,mp3,003167,003,167,3,_,167
003167_5.mp3,3_167.png,mp3,003167,003,167,3,_,167
003168_1.mp3,3_168.png,mp3,003168,003,168,3,_,168
003168_2.mp3,3_168.png,mp3,003168,003,168,3,_,168
003169_1.mp3,3_169.png,mp3,003169,003,169,3,_,169
003169_2.mp3,3_169.png,mp3,003169,003,169,3,_,169
003170_1.mp3,3_170.png,mp3,003170,003,170,3,_,170
003170_2.mp3,3_170.png,mp3,003170,003,170,3,_,170
003171.mp3,3_171.png,mp3,003171,003,171,3,_,171
003172_1.mp3,3_172.png,mp3,003172,003,172,3,_,172
003172_2.mp3,3_172.png,mp3,003172,003,172,3,_,172
003173.mp3,3_173.png,mp3,003173,003,173,3,_,173
003174_1.mp3,3_174.png,mp3,003174,003,174,3,_,174
003174_2.mp3,3_174.png,mp3,003174,003,174,3,_,174
003175.mp3,3_175.png,mp3,003175,003,175,3,_,175
003176_1.mp3,3_176.png,mp3,003176,003,176,3,_,176
003176_2.mp3,3_176.png,mp3,003176,003,176,3,_,176
003176_3.mp3,3_176.png,mp3,003176,003,176,3,_,176
003177.mp3,3_177.png,mp3,003177,003,177,3,_,177
003178_1.mp3,3_178.png,mp3,003178,003,178,3,_,178
003178_2.mp3,3_178.png,mp3,003178,003,178,3,_,178
003178_3.mp3,3_178.png,mp3,003178,003,178,3,_,178
003179_1.mp3,3_179.png,mp3,003179,003,179,3,_,179
003179_2.mp3,3_179.png,mp3,003179,003,179,3,_,179
003179_3.mp3,3_179.png,mp3,003179,003,179,3,_,179
003180_1.mp3,3_180.png,mp3,003180,003,180,3,_,180
003180_2.mp3,3_180.png,mp3,003180,003,180,3,_,180
003180_3.mp3,3_180.png,mp3,003180,003,180,3,_,180
003180_4.mp3,3_180.png,mp3,003180,003,180,3,_,180
003180_5.mp3,3_180.png,mp3,003180,003,180,3,_,180
003181_1.mp3,3_181.png,mp3,003181,003,181,3,_,181
003181_2.mp3,3_181.png,mp3,003181,003,181,3,_,181
003182.mp3,3_182.png,mp3,003182,003,182,3,_,182
003183_1.mp3,3_183.png,mp3,003183,003,183,3,_,183
003183_2.mp3,3_183.png,mp3,003183,003,183,3,_,183
003184.mp3,3_184.png,mp3,003184,003,184,3,_,184
003185_1.mp3,3_185.png,mp3,003185,003,185,3,_,185
003185_2.mp3,3_185.png,mp3,003185,003,185,3,_,185
003185_3.mp3,3_185.png,mp3,003185,003,185,3,_,185
003185_4.mp3,3_185.png,mp3,003185,003,185,3,_,185
003186_1.mp3,3_186.png,mp3,003186,003,186,3,_,186
003186_2.mp3,3_186.png,mp3,003186,003,186,3,_,186
003187_1.mp3,3_187.png,mp3,003187,003,187,3,_,187
003187_2.mp3,3_187.png,mp3,003187,003,187,3,_,187
003187_3.mp3,3_187.png,mp3,003187,003,187,3,_,187
003188_1.mp3,3_188.png,mp3,003188,003,188,3,_,188
003188_2.mp3,3_188.png,mp3,003188,003,188,3,_,188
003189_1.mp3,3_189.png,mp3,003189,003,189,3,_,189
003189_2.mp3,3_189.png,mp3,003189,003,189,3,_,189
003190.mp3,3_190.png,mp3,003190,003,190,3,_,190
003191_1.mp3,3_191.png,mp3,003191,003,191,3,_,191
003191_2.mp3,3_191.png,mp3,003191,003,191,3,_,191
003192.mp3,3_192.png,mp3,003192,003,192,3,_,192
003193_1.mp3,3_193.png,mp3,003193,003,193,3,_,193
003193_2.mp3,3_193.png,mp3,003193,003,193,3,_,193
003194_1.mp3,3_194.png,mp3,003194,003,194,3,_,194
003194_2.mp3,3_194.png,mp3,003194,003,194,3,_,194
003195_1.mp3,3_195.png,mp3,003195,003,195,3,_,195
003195_2.mp3,3_195.png,mp3,003195,003,195,3,_,195
003195_3.mp3,3_195.png,mp3,003195,003,195,3,_,195
003195_4.mp3,3_195.png,mp3,003195,003,195,3,_,195
003196.mp3,3_196.png,mp3,003196,003,196,3,_,196
003197_1.mp3,3_197.png,mp3,003197,003,197,3,_,197
003197_2.mp3,3_197.png,mp3,003197,003,197,3,_,197
003198_1.mp3,3_198.png,mp3,003198,003,198,3,_,198
003198_2.mp3,3_198.png,mp3,003198,003,198,3,_,198
003199_1.mp3,3_199.png,mp3,003199,003,199,3,_,199
003199_2.mp3,3_199.png,mp3,003199,003,199,3,_,199
003199_3.mp3,3_199.png,mp3,003199,003,199,3,_,199
003199_4.mp3,3_199.png,mp3,003199,003,199,3,_,199
003200.mp3,3_200.png,mp3,003200,003,200,3,_,200
004001_1.mp3,4_1.png,mp3,004001,004,001,4,_,1
004001_2.mp3,4_1.png,mp3,004001,004,001,4,_,1
004001_3.mp3,4_1.png,mp3,004001,004,001,4,_,1
004001_4.mp3,4_1.png,mp3,004001,004,001,4,_,1
004001_5.mp3,4_1.png,mp3,004001,004,001,4,_,1
004002_1.mp3,4_2.png,mp3,004002,004,002,4,_,2
004002_2.mp3,4_2.png,mp3,004002,004,002,4,_,2
004003_1.mp3,4_3.png,mp3,004003,004,003,4,_,3
004003_2.mp3,4_3.png,mp3,004003,004,003,4,_,3
004003_3.mp3,4_3.png,mp3,004003,004,003,4,_,3
004004_1.mp3,4_4.png,mp3,004004,004,004,4,_,4
004004_2.mp3,4_4.png,mp3,004004,004,004,4,_,4
004005.mp3,4_5.png,mp3,004005,004,005,4,_,5
004006_1.mp3,4_6.png,mp3,004006,004,006,4,_,6
004006_2.mp3,4_6.png,mp3,004006,004,006,4,_,6
004006_3.mp3,4_6.png,mp3,004006,004,006,4,_,6
004006_4.mp3,4_6.png,mp3,004006,004,006,4,_,6
004006_5.mp3,4_6.png,mp3,004006,004,006,4,_,6
004007_1.mp3,4_7.png,mp3,004007,004,007,4,_,7
004007_2.mp3,4_7.png,mp3,004007,004,007,4,_,7
004008.mp3,4_8.png,mp3,004008,004,008,4,_,8
004009.mp3,4_9.png,mp3,004009,004,009,4,_,9
004010.mp3,4_10.png,mp3,004010,004,010,4,_,10
004011_1.mp3,4_11.png,mp3,004011,004,011,4,_,11
004011_10.mp3,4_11.png,mp3,004011,004,011,4,_,11
004011_2.mp3,4_11.png,mp3,004011,004,011,4,_,11
004011_3.mp3,4_11.png,mp3,004011,004,011,4,_,11
004011_4.mp3,4_11.png,mp3,004011,004,011,4,_,11
004011_5.mp3,4_11.png,mp3,004011,004,011,4,_,11
004011_6.mp3,4_11.png,mp3,004011,004,011,4,_,11
004011_7.mp3,4_11.png,mp3,004011,004,011,4,_,11
004011_8.mp3,4_11.png,mp3,004011,004,011,4,_,11
004011_9.mp3,4_11.png,mp3,004011,004,011,4,_,11
004012_1.mp3,4_12.png,mp3,004012,004,012,4,_,12
004012_2.mp3,4_12.png,mp3,004012,004,012,4,_,12
004012_3.mp3,4_12.png,mp3,004012,004,012,4,_,12
004012_4.mp3,4_12.png,mp3,004012,004,012,4,_,12
004012_5.mp3,4_12.png,mp3,004012,004,012,4,_,12
004012_6.mp3,4_12.png,mp3,004012,004,012,4,_,12
004012_7.mp3,4_12.png,mp3,004012,004,012,4,_,12
004013_1.mp3,4_13.png,mp3,004013,004,013,4,_,13
004013_2.mp3,4_13.png,mp3,004013,004,013,4,_,13
004013_3.mp3,4_13.png,mp3,004013,004,013,4,_,13
004014.mp3,4_14.png,mp3,004014,004,014,4,_,14
004015_1.mp3,4_15.png,mp3,004015,004,015,4,_,15
004015_2.mp3,4_15.png,mp3,004015,004,015,4,_,15
004016_1.mp3,4_16.png,mp3,004016,004,016,4,_,16
004016_2.mp3,4_16.png,mp3,004016,004,016,4,_,16
004017_1.mp3,4_17.png,mp3,004017,004,017,4,_,17
004017_2.mp3,4_17.png,mp3,004017,004,017,4,_,17
004017_3.mp3,4_17.png,mp3,004017,004,017,4,_,17
004018_1.mp3,4_18.png,mp3,004018,004,018,4,_,18
004018_2.mp3,4_18.png,mp3,004018,004,018,4,_,18
004018_3.mp3,4_18.png,mp3,004018,004,018,4,_,18
004019_1.mp3,4_19.png,mp3,004019,004,019,4,_,19
004019_2.mp3,4_19.png,mp3,004019,004,019,4,_,19
004019_3.mp3,4_19.png,mp3,004019,004,019,4,_,19
004019_4.mp3,4_19.png,mp3,004019,004,019,4,_,19
004020_1.mp3,4_20.png,mp3,004020,004,020,4,_,20
004020_2.mp3,4_20.png,mp3,004020,004,020,4,_,20
004021.mp3,4_21.png,mp3,004021,004,021,4,_,21
004022_1.mp3,4_22.png,mp3,004022,004,022,4,_,22
004022_2.mp3,4_22.png,mp3,004022,004,022,4,_,22
004023_1.mp3,4_23.png,mp3,004023,004,023,4,_,23
004023_2.mp3,4_23.png,mp3,004023,004,023,4,_,23
004023_3.mp3,4_23.png,mp3,004023,004,023,4,_,23
004023_4.mp3,4_23.png,mp3,004023,004,023,4,_,23
004023_5.mp3,4_23.png,mp3,004023,004,023,4,_,23
004023_6.mp3,4_23.png,mp3,004023,004,023,4,_,23
004023_7.mp3,4_23.png,mp3,004023,004,023,4,_,23
004024_1.mp3,4_24.png,mp3,004024,004,024,4,_,24
004024_2.mp3,4_24.png,mp3,004024,004,024,4,_,24
004024_3.mp3,4_24.png,mp3,004024,004,024,4,_,24
004024_4.mp3,4_24.png,mp3,004024,004,024,4,_,24
004024_5.mp3,4_24.png,mp3,004024,004,024,4,_,24
004025_1.mp3,4_25.png,mp3,004025,004,025,4,_,25
004025_2.mp3,4_25.png,mp3,004025,004,025,4,_,25
004025_3.mp3,4_25.png,mp3,004025,004,025,4,_,25
004025_4.mp3,4_25.png,mp3,004025,004,025,4,_,25
004025_5.mp3,4_25.png,mp3,004025,004,025,4,_,25
004025_6.mp3,4_25.png,mp3,004025,004,025,4,_,25
004025_7.mp3,4_25.png,mp3,004025,004,025,4,_,25
004025_8.mp3,4_25.png,mp3,004025,004,025,4,_,25
004025_9.mp3,4_25.png,mp3,004025,004,025,4,_,25
004026_1.mp3,4_26.png,mp3,004026,004,026,4,_,26
004026_2.mp3,4_26.png,mp3,004026,004,026,4,_,26
004027.mp3,4_27.png,mp3,004027,004,027,4,_,27
004028_1.mp3,4_28.png,mp3,004028,004,028,4,_,28
004028_2.mp3,4_28.png,mp3,004028,004,028,4,_,28
004029_1.mp3,4_29.png,mp3,004029,004,029,4,_,29
004029_2.mp3,4_29.png,mp3,004029,004,029,4,_,29
004029_3.mp3,4_29.png,mp3,004029,004,029,4,_,29
004029_4.mp3,4_29.png,mp3,004029,004,029,4,_,29
004030_1.mp3,4_30.png,mp3,004030,004,030,4,_,30
004030_2.mp3,4_30.png,mp3,004030,004,030,4,_,30
004031.mp3,4_31.png,mp3,004031,004,031,4,_,31
004032_1.mp3,4_32.png,mp3,004032,004,032,4,_,32
004032_2.mp3,4_32.png,mp3,004032,004,032,4,_,32
004032_3.mp3,4_32.png,mp3,004032,004,032,4,_,32
004032_4.mp3,4_32.png,mp3,004032,004,032,4,_,32
004033_1.mp3,4_33.png,mp3,004033,004,033,4,_,33
004033_2.mp3,4_33.png,mp3,004033,004,033,4,_,33
004033_3.mp3,4_33.png,mp3,004033,004,033,4,_,33
004034_1.mp3,4_34.png,mp3,004034,004,034,4,_,34
004034_2.mp3,4_34.png,mp3,004034,004,034,4,_,34
004034_3.mp3,4_34.png,mp3,004034,004,034,4,_,34
004034_4.mp3,4_34.png,mp3,004034,004,034,4,_,34
004034_5.mp3,4_34.png,mp3,004034,004,034,4,_,34
004035_1.mp3,4_35.png,mp3,004035,004,035,4,_,35
004035_2.mp3,4_35.png,mp3,004035,004,035,4,_,35
004036_1.mp3,4_36.png,mp3,004036,004,036,4,_,36
004036_2.mp3,4_36.png,mp3,004036,004,036,4,_,36
004036_3.mp3,4_36.png,mp3,004036,004,036,4,_,36
004036_4.mp3,4_36.png,mp3,004036,004,036,4,_,36
004037_1.mp3,4_37.png,mp3,004037,004,037,4,_,37
004037_2.mp3,4_37.png,mp3,004037,004,037,4,_,37
004038_1.mp3,4_38.png,mp3,004038,004,038,4,_,38
004038_2.mp3,4_38.png,mp3,004038,004,038,4,_,38
004039_1.mp3,4_39.png,mp3,004039,004,039,4,_,39
004039_2.mp3,4_39.png,mp3,004039,004,039,4,_,39
004040.mp3,4_40.png,mp3,004040,004,040,4,_,40
004041.mp3,4_41.png,mp3,004041,004,041,4,_,41
004042.mp3,4_42.png,mp3,004042,004,042,4,_,42
004043_1.mp3,4_43.png,mp3,004043,004,043,4,_,43
004043_2.mp3,4_43.png,mp3,004043,004,043,4,_,43
004043_3.mp3,4_43.png,mp3,004043,004,043,4,_,43
004043_4.mp3,4_43.png,mp3,004043,004,043,4,_,43
004044.mp3,4_44.png,mp3,004044,004,044,4,_,44
004045_1.mp3,4_45.png,mp3,004045,004,045,4,_,45
004045_2.mp3,4_45.png,mp3,004045,004,045,4,_,45
004046_1.mp3,4_46.png,mp3,004046,004,046,4,_,46
004046_2.mp3,4_46.png,mp3,004046,004,046,4,_,46
004046_3.mp3,4_46.png,mp3,004046,004,046,4,_,46
004046_4.mp3,4_46.png,mp3,004046,004,046,4,_,46
004047_1.mp3,4_47.png,mp3,004047,004,047,4,_,47
004047_2.mp3,4_47.png,mp3,004047,004,047,4,_,47
004047_3.mp3,4_47.png,mp3,004047,004,047,4,_,47
004048_1.mp3,4_48.png,mp3,004048,004,048,4,_,48
004048_2.mp3,4_48.png,mp3,004048,004,048,4,_,48
004049_1.mp3,4_49.png,mp3,004049,004,049,4,_,49
004049_2.mp3,4_49.png,mp3,004049,004,049,4,_,49
004050.mp3,4_50.png,mp3,004050,004,050,4,_,50
004051_1.mp3,4_51.png,mp3,004051,004,051,4,_,51
004051_2.mp3,4_51.png,mp3,004051,004,051,4,_,51
004052_1.mp3,4_52.png,mp3,004052,004,052,4,_,52
004052_2.mp3,4_52.png,mp3,004052,004,052,4,_,52
004053.mp3,4_53.png,mp3,004053,004,053,4,_,53
004054_1.mp3,4_54.png,mp3,004054,004,054,4,_,54
004054_2.mp3,4_54.png,mp3,004054,004,054,4,_,54
004055_1.mp3,4_55.png,mp3,004055,004,055,4,_,55
004055_2.mp3,4_55.png,mp3,004055,004,055,4,_,55
004056_1.mp3,4_56.png,mp3,004056,004,056,4,_,56
004056_2.mp3,4_56.png,mp3,004056,004,056,4,_,56
004056_3.mp3,4_56.png,mp3,004056,004,056,4,_,56
004057.mp3,4_57.png,mp3,004057,004,057,4,_,57
004058_1.mp3,4_58.png,mp3,004058,004,058,4,_,58
004058_2.mp3,4_58.png,mp3,004058,004,058,4,_,58
004058_3.mp3,4_58.png,mp3,004058,004,058,4,_,58
004059_1.mp3,4_59.png,mp3,004059,004,059,4,_,59
004059_2.mp3,4_59.png,mp3,004059,004,059,4,_,59
004059_3.mp3,4_59.png,mp3,004059,004,059,4,_,59
004060_1.mp3,4_60.png,mp3,004060,004,060,4,_,60
004060_2.mp3,4_60.png,mp3,004060,004,060,4,_,60
004061.mp3,4_61.png,mp3,004061,004,061,4,_,61
004062_1.mp3,4_62.png,mp3,004062,004,062,4,_,62
004062_2.mp3,4_62.png,mp3,004062,004,062,4,_,62
004063.mp3,4_63.png,mp3,004063,004,063,4,_,63
004064_1.mp3,4_64.png,mp3,004064,004,064,4,_,64
004064_2.mp3,4_64.png,mp3,004064,004,064,4,_,64
004064_3.mp3,4_64.png,mp3,004064,004,064,4,_,64
004065_1.mp3,4_65.png,mp3,004065,004,065,4,_,65
004065_2.mp3,4_65.png,mp3,004065,004,065,4,_,65
004066_1.mp3,4_66.png,mp3,004066,004,066,4,_,66
004066_2.mp3,4_66.png,mp3,004066,004,066,4,_,66
004067.mp3,4_67.png,mp3,004067,004,067,4,_,67
004068.mp3,4_68.png,mp3,004068,004,068,4,_,68
004069_1.mp3,4_69.png,mp3,004069,004,069,4,_,69
004069_2.mp3,4_69.png,mp3,004069,004,069,4,_,69
004070.mp3,4_70.png,mp3,004070,004,070,4,_,70
004071.mp3,4_71.png,mp3,004071,004,071,4,_,71
004072_1.mp3,4_72.png,mp3,004072,004,072,4,_,72
004072_2.mp3,4_72.png,mp3,004072,004,072,4,_,72
004073_1.mp3,4_73.png,mp3,004073,004,073,4,_,73
004073_2.mp3,4_73.png,mp3,004073,004,073,4,_,73
004074_1.mp3,4_74.png,mp3,004074,004,074,4,_,74
004074_2.mp3,4_74.png,mp3,004074,004,074,4,_,74
004075_1.mp3,4_75.png,mp3,004075,004,075,4,_,75
004075_2.mp3,4_75.png,mp3,004075,004,075,4,_,75
004075_3.mp3,4_75.png,mp3,004075,004,075,4,_,75
004076_1.mp3,4_76.png,mp3,004076,004,076,4,_,76
004076_2.mp3,4_76.png,mp3,004076,004,076,4,_,76
004076_3.mp3,4_76.png,mp3,004076,004,076,4,_,76
004076_4.mp3,4_76.png,mp3,004076,004,076,4,_,76
004077_1.mp3,4_77.png,mp3,004077,004,077,4,_,77
004077_2.mp3,4_77.png,mp3,004077,004,077,4,_,77
004077_3.mp3,4_77.png,mp3,004077,004,077,4,_,77
004077_4.mp3,4_77.png,mp3,004077,004,077,4,_,77
004078_1.mp3,4_78.png,mp3,004078,004,078,4,_,78
004078_2.mp3,4_78.png,mp3,004078,004,078,4,_,78
004078_3.mp3,4_78.png,mp3,004078,004,078,4,_,78
004078_4.mp3,4_78.png,mp3,004078,004,078,4,_,78
004079_1.mp3,4_79.png,mp3,004079,004,079,4,_,79
004079_2.mp3,4_79.png,mp3,004079,004,079,4,_,79
004079_3.mp3,4_79.png,mp3,004079,004,079,4,_,79
004079_4.mp3,4_79.png,mp3,004079,004,079,4,_,79
004080_1.mp3,4_80.png,mp3,004080,004,080,4,_,80
004080_2.mp3,4_80.png,mp3,004080,004,080,4,_,80
004081_1.mp3,4_81.png,mp3,004081,004,081,4,_,81
004081_2.mp3,4_81.png,mp3,004081,004,081,4,_,81
004081_3.mp3,4_81.png,mp3,004081,004,081,4,_,81
004082.mp3,4_82.png,mp3,004082,004,082,4,_,82
004083_1.mp3,4_83.png,mp3,004083,004,083,4,_,83
004083_2.mp3,4_83.png,mp3,004083,004,083,4,_,83
004083_3.mp3,4_83.png,mp3,004083,004,083,4,_,83
004084_1.mp3,4_84.png,mp3,004084,004,084,4,_,84
004084_2.mp3,4_84.png,mp3,004084,004,084,4,_,84
004084_3.mp3,4_84.png,mp3,004084,004,084,4,_,84
004085_1.mp3,4_85.png,mp3,004085,004,085,4,_,85
004085_2.mp3,4_85.png,mp3,004085,004,085,4,_,85
004085_3.mp3,4_85.png,mp3,004085,004,085,4,_,85
004086_1.mp3,4_86.png,mp3,004086,004,086,4,_,86
004086_2.mp3,4_86.png,mp3,004086,004,086,4,_,86
004087_1.mp3,4_87.png,mp3,004087,004,087,4,_,87
004087_2.mp3,4_87.png,mp3,004087,004,087,4,_,87
004088_1.mp3,4_88.png,mp3,004088,004,088,4,_,88
004088_2.mp3,4_88.png,mp3,004088,004,088,4,_,88
004088_3.mp3,4_88.png,mp3,004088,004,088,4,_,88
004089_1.mp3,4_89.png,mp3,004089,004,089,4,_,89
004089_2.mp3,4_89.png,mp3,004089,004,089,4,_,89
004089_3.mp3,4_89.png,mp3,004089,004,089,4,_,89
004090_1.mp3,4_90.png,mp3,004090,004,090,4,_,90
004090_2.mp3,4_90.png,mp3,004090,004,090,4,_,90
004090_3.mp3,4_90.png,mp3,004090,004,090,4,_,90
004090_4.mp3,4_90.png,mp3,004090,004,090,4,_,90
004091_1.mp3,4_91.png,mp3,004091,004,091,4,_,91
004091_2.mp3,4_91.png,mp3,004091,004,091,4,_,91
004091_3.mp3,4_91.png,mp3,004091,004,091,4,_,91
004092_1.mp3,4_92.png,mp3,004092,004,092,4,_,92
004092_2.mp3,4_92.png,mp3,004092,004,092,4,_,92
004092_3.mp3,4_92.png,mp3,004092,004,092,4,_,92
004092_4.mp3,4_92.png,mp3,004092,004,092,4,_,92
004092_5.mp3,4_92.png,mp3,004092,004,092,4,_,92
004092_6.mp3,4_92.png,mp3,004092,004,092,4,_,92
004093_1.mp3,4_93.png,mp3,004093,004,093,4,_,93
004093_2.mp3,4_93.png,mp3,004093,004,093,4,_,93
004094_1.mp3,4_94.png,mp3,004094,004,094,4,_,94
004094_2.mp3,4_94.png,mp3,004094,004,094,4,_,94
004094_3.mp3,4_94.png,mp3,004094,004,094,4,_,94
004094_4.mp3,4_94.png,mp3,004094,004,094,4,_,94
004095_1.mp3,4_95.png,mp3,004095,004,095,4,_,95
004095_2.mp3,4_95.png,mp3,004095,004,095,4,_,95
004095_3.mp3,4_95.png,mp3,004095,004,095,4,_,95
004096.mp3,4_96.png,mp3,004096,004,096,4,_,96
004097_1.mp3,4_97.png,mp3,004097,004,097,4,_,97
004097_2.mp3,4_97.png,mp3,004097,004,097,4,_,97
004097_3.mp3,4_97.png,mp3,004097,004,097,4,_,97
004098.mp3,4_98.png,mp3,004098,004,098,4,_,98
004099_1.mp3,4_99.png,mp3,004099,004,099,4,_,99
004099_2.mp3,4_99.png,mp3,004099,004,099,4,_,99
004100_1.mp3,4_100.png,mp3,004100,004,100,4,_,100
004100_2.mp3,4_100.png,mp3,004100,004,100,4,_,100
004101_1.mp3,4_101.png,mp3,004101,004,101,4,_,101
004101_2.mp3,4_101.png,mp3,004101,004,101,4,_,101
004102_1.mp3,4_102.png,mp3,004102,004,102,4,_,102
004102_2.mp3,4_102.png,mp3,004102,004,102,4,_,102
004102_3.mp3,4_102.png,mp3,004102,004,102,4,_,102
004102_4.mp3,4_102.png,mp3,004102,004,102,4,_,102
004102_5.mp3,4_102.png,mp3,004102,004,102,4,_,102
004102_6.mp3,4_102.png,mp3,004102,004,102,4,_,102
004102_7.mp3,4_102.png,mp3,004102,004,102,4,_,102
004103_1.mp3,4_103.png,mp3,004103,004,103,4,_,103
004103_2.mp3,4_103.png,mp3,004103,004,103,4,_,103
004103_3.mp3,4_103.png,mp3,004103,004,103,4,_,103
004104_1.mp3,4_104.png,mp3,004104,004,104,4,_,104
004104_2.mp3,4_104.png,mp3,004104,004,104,4,_,104
004104_3.mp3,4_104.png,mp3,004104,004,104,4,_,104
004105_1.mp3,4_105.png,mp3,004105,004,105,4,_,105
004105_2.mp3,4_105.png,mp3,004105,004,105,4,_,105
004106.mp3,4_106.png,mp3,004106,004,106,4,_,106
004107_1.mp3,4_107.png,mp3,004107,004,107,4,_,107
004107_2.mp3,4_107.png,mp3,004107,004,107,4,_,107
004108_1.mp3,4_108.png,mp3,004108,004,108,4,_,108
004108_2.mp3,4_108.png,mp3,004108,004,108,4,_,108
004109_1.mp3,4_109.png,mp3,004109,004,109,4,_,109
004109_2.mp3,4_109.png,mp3,004109,004,109,4,_,109
004110.mp3,4_110.png,mp3,004110,004,110,4,_,110
004111_1.mp3,4_111.png,mp3,004111,004,111,4,_,111
004111_2.mp3,4_111.png,mp3,004111,004,111,4,_,111
004112.mp3,4_112.png,mp3,004112,004,112,4,_,112
004113_1.mp3,4_113.png,mp3,004113,004,113,4,_,113
004113_2.mp3,4_113.png,mp3,004113,004,113,4,_,113
004113_3.mp3,4_113.png,mp3,004113,004,113,4,_,113
004113_4.mp3,4_113.png,mp3,004113,004,113,4,_,113
004114_1.mp3,4_114.png,mp3,004114,004,114,4,_,114
004114_2.mp3,4_114.png,mp3,004114,004,114,4,_,114
004115_1.mp3,4_115.png,mp3,004115,004,115,4,_,115
004115_2.mp3,4_115.png,mp3,004115,004,115,4,_,115
004116_1.mp3,4_116.png,mp3,004116,004,116,4,_,116
004116_2.mp3,4_116.png,mp3,004116,004,116,4,_,116
004117.mp3,4_117.png,mp3,004117,004,117,4,_,117
004118.mp3,4_118.png,mp3,004118,004,118,4,_,118
004119_1.mp3,4_119.png,mp3,004119,004,119,4,_,119
004119_2.mp3,4_119.png,mp3,004119,004,119,4,_,119
004120.mp3,4_120.png,mp3,004120,004,120,4,_,120
004121.mp3,4_121.png,mp3,004121,004,121,4,_,121
004122_1.mp3,4_122.png,mp3,004122,004,122,4,_,122
004122_2.mp3,4_122.png,mp3,004122,004,122,4,_,122
004123_1.mp3,4_123.png,mp3,004123,004,123,4,_,123
004123_2.mp3,4_123.png,mp3,004123,004,123,4,_,123
004124.mp3,4_124.png,mp3,004124,004,124,4,_,124
004125_1.mp3,4_125.png,mp3,004125,004,125,4,_,125
004125_2.mp3,4_125.png,mp3,004125,004,125,4,_,125
004126_1.mp3,4_126.png,mp3,004126,004,126,4,_,126
004126_2.mp3,4_126.png,mp3,004126,004,126,4,_,126
004127_1.mp3,4_127.png,mp3,004127,004,127,4,_,127
004127_2.mp3,4_127.png,mp3,004127,004,127,4,_,127
004127_3.mp3,4_127.png,mp3,004127,004,127,4,_,127
004127_4.mp3,4_127.png,mp3,004127,004,127,4,_,127
004127_5.mp3,4_127.png,mp3,004127,004,127,4,_,127
004128_1.mp3,4_128.png,mp3,004128,004,128,4,_,128
004128_2.mp3,4_128.png,mp3,004128,004,128,4,_,128
004128_3.mp3,4_128.png,mp3,004128,004,128,4,_,128
004128_4.mp3,4_128.png,mp3,004128,004,128,4,_,128
004129_1.mp3,4_129.png,mp3,004129,004,129,4,_,129
004129_2.mp3,4_129.png,mp3,004129,004,129,4,_,129
004129_3.mp3,4_129.png,mp3,004129,004,129,4,_,129
004130_1.mp3,4_130.png,mp3,004130,004,130,4,_,130
004130_2.mp3,4_130.png,mp3,004130,004,130,4,_,130
004131_1.mp3,4_131.png,mp3,004131,004,131,4,_,131
004131_2.mp3,4_131.png,mp3,004131,004,131,4,_,131
004131_3.mp3,4_131.png,mp3,004131,004,131,4,_,131
004131_4.mp3,4_131.png,mp3,004131,004,131,4,_,131
004132_1.mp3,4_132.png,mp3,004132,004,132,4,_,132
004132_2.mp3,4_132.png,mp3,004132,004,132,4,_,132
004133_1.mp3,4_133.png,mp3,004133,004,133,4,_,133
004133_2.mp3,4_133.png,mp3,004133,004,133,4,_,133
004134_1.mp3,4_134.png,mp3,004134,004,134,4,_,134
004134_2.mp3,4_134.png,mp3,004134,004,134,4,_,134
004135_1.mp3,4_135.png,mp3,004135,004,135,4,_,135
004135_2.mp3,4_135.png,mp3,004135,004,135,4,_,135
004135_3.mp3,4_135.png,mp3,004135,004,135,4,_,135
004135_4.mp3,4_135.png,mp3,004135,004,135,4,_,135
004136_1.mp3,4_136.png,mp3,004136,004,136,4,_,136
004136_2.mp3,4_136.png,mp3,004136,004,136,4,_,136
004137.mp3,4_137.png,mp3,004137,004,137,4,_,137
004138.mp3,4_138.png,mp3,004138,004,138,4,_,138
004139_1.mp3,4_139.png,mp3,004139,004,139,4,_,139
004139_2.mp3,4_139.png,mp3,004139,004,139,4,_,139
004140_1.mp3,4_140.png,mp3,004140,004,140,4,_,140
004140_2.mp3,4_140.png,mp3,004140,004,140,4,_,140
004141_1.mp3,4_141.png,mp3,004141,004,141,4,_,141
004141_2.mp3,4_141.png,mp3,004141,004,141,4,_,141
004141_3.mp3,4_141.png,mp3,004141,004,141,4,_,141
004141_4.mp3,4_141.png,mp3,004141,004,141,4,_,141
004142_1.mp3,4_142.png,mp3,004142,004,142,4,_,142
004142_2.mp3,4_142.png,mp3,004142,004,142,4,_,142
004143_1.mp3,4_143.png,mp3,004143,004,143,4,_,143
004143_2.mp3,4_143.png,mp3,004143,004,143,4,_,143
004144_1.mp3,4_144.png,mp3,004144,004,144,4,_,144
004144_2.mp3,4_144.png,mp3,004144,004,144,4,_,144
004145.mp3,4_145.png,mp3,004145,004,145,4,_,145
004146_1.mp3,4_146.png,mp3,004146,004,146,4,_,146
004146_2.mp3,4_146.png,mp3,004146,004,146,4,_,146
004147_1.mp3,4_147.png,mp3,004147,004,147,4,_,147
004147_2.mp3,4_147.png,mp3,004147,004,147,4,_,147
004148_1.mp3,4_148.png,mp3,004148,004,148,4,_,148
004148_2.mp3,4_148.png,mp3,004148,004,148,4,_,148
004149.mp3,4_149.png,mp3,004149,004,149,4,_,149
004150_1.mp3,4_150.png,mp3,004150,004,150,4,_,150
004150_2.mp3,4_150.png,mp3,004150,004,150,4,_,150
004151_1.mp3,4_151.png,mp3,004151,004,151,4,_,151
004151_2.mp3,4_151.png,mp3,004151,004,151,4,_,151
004152_1.mp3,4_152.png,mp3,004152,004,152,4,_,152
004152_2.mp3,4_152.png,mp3,004152,004,152,4,_,152
004153_1.mp3,4_153.png,mp3,004153,004,153,4,_,153
004153_2.mp3,4_153.png,mp3,004153,004,153,4,_,153
004153_3.mp3,4_153.png,mp3,004153,004,153,4,_,153
004153_4.mp3,4_153.png,mp3,004153,004,153,4,_,153
004154.mp3,4_154.png,mp3,004154,004,154,4,_,154
004155_1.mp3,4_155.png,mp3,004155,004,155,4,_,155
004155_2.mp3,4_155.png,mp3,004155,004,155,4,_,155
004156.mp3,4_156.png,mp3,004156,004,156,4,_,156
004157_1.mp3,4_157.png,mp3,004157,004,157,4,_,157
004157_2.mp3,4_157.png,mp3,004157,004,157,4,_,157
004157_3.mp3,4_157.png,mp3,004157,004,157,4,_,157
004157_4.mp3,4_157.png,mp3,004157,004,157,4,_,157
004158_1.mp3,4_158.png,mp3,004158,004,158,4,_,158
004158_2.mp3,4_158.png,mp3,004158,004,158,4,_,158
004159_1.mp3,4_159.png,mp3,004159,004,159,4,_,159
004159_2.mp3,4_159.png,mp3,004159,004,159,4,_,159
004160.mp3,4_160.png,mp3,004160,004,160,4,_,160
004161_1.mp3,4_161.png,mp3,004161,004,161,4,_,161
004161_2.mp3,4_161.png,mp3,004161,004,161,4,_,161
004162_1.mp3,4_162.png,mp3,004162,004,162,4,_,162
004162_2.mp3,4_162.png,mp3,004162,004,162,4,_,162
004162_3.mp3,4_162.png,mp3,004162,004,162,4,_,162
004163_1.mp3,4_163.png,mp3,004163,004,163,4,_,163
004163_2.mp3,4_163.png,mp3,004163,004,163,4,_,163
004163_3.mp3,4_163.png,mp3,004163,004,163,4,_,163
004164_1.mp3,4_164.png,mp3,004164,004,164,4,_,164
004164_2.mp3,4_164.png,mp3,004164,004,164,4,_,164
004165_1.mp3,4_165.png,mp3,004165,004,165,4,_,165
004165_2.mp3,4_165.png,mp3,004165,004,165,4,_,165
004166_1.mp3,4_166.png,mp3,004166,004,166,4,_,166
004166_2.mp3,4_166.png,mp3,004166,004,166,4,_,166
004166_3.mp3,4_166.png,mp3,004166,004,166,4,_,166
004166_4.mp3,4_166.png,mp3,004166,004,166,4,_,166
004167.mp3,4_167.png,mp3,004167,004,167,4,_,167
004168.mp3,4_168.png,mp3,004168,004,168,4,_,168
004169_1.mp3,4_169.png,mp3,004169,004,169,4,_,169
004169_2.mp3,4_169.png,mp3,004169,004,169,4,_,169
004170_1.mp3,4_170.png,mp3,004170,004,170,4,_,170
004170_2.mp3,4_170.png,mp3,004170,004,170,4,_,170
004170_3.mp3,4_170.png,mp3,004170,004,170,4,_,170
004171_1.mp3,4_171.png,mp3,004171,004,171,4,_,171
004171_2.mp3,4_171.png,mp3,004171,004,171,4,_,171
004171_3.mp3,4_171.png,mp3,004171,004,171,4,_,171
004171_4.mp3,4_171.png,mp3,004171,004,171,4,_,171
004171_5.mp3,4_171.png,mp3,004171,004,171,4,_,171
004171_6.mp3,4_171.png,mp3,004171,004,171,4,_,171
004171_7.mp3,4_171.png,mp3,004171,004,171,4,_,171
004172_1.mp3,4_172.png,mp3,004172,004,172,4,_,172
004172_2.mp3,4_172.png,mp3,004172,004,172,4,_,172
004173_1.mp3,4_173.png,mp3,004173,004,173,4,_,173
004173_2.mp3,4_173.png,mp3,004173,004,173,4,_,173
004174.mp3,4_174.png,mp3,004174,004,174,4,_,174
004175_1.mp3,4_175.png,mp3,004175,004,175,4,_,175
004175_2.mp3,4_175.png,mp3,004175,004,175,4,_,175
004176_1.mp3,4_176.png,mp3,004176,004,176,4,_,176
004176_2.mp3,4_176.png,mp3,004176,004,176,4,_,176
004176_3.mp3,4_176.png,mp3,004176,004,176,4,_,176
004176_4.mp3,4_176.png,mp3,004176,004,176,4,_,176
004176_5.mp3,4_176.png,mp3,004176,004,176,4,_,176
004176_6.mp3,4_176.png,mp3,004176,004,176,4,_,176
004176_7.mp3,4_176.png,mp3,004176,004,176,4,_,176
005001_1.mp3,5_1.png,mp3,005001,005,001,5,_,1
005001_2.mp3,5_1.png,mp3,005001,005,001,5,_,1
005001_3.mp3,5_1.png,mp3,005001,005,001,5,_,1
005001_4.mp3,5_1.png,mp3,005001,005,001,5,_,1
005002_1.mp3,5_2.png,mp3,005002,005,002,5,_,2
005002_2.mp3,5_2.png,mp3,005002,005,002,5,_,2
005002_3.mp3,5_2.png,mp3,005002,005,002,5,_,2
005002_4.mp3,5_2.png,mp3,005002,005,002,5,_,2
005002_5.mp3,5_2.png,mp3,005002,005,002,5,_,2
005002_6.mp3,5_2.png,mp3,005002,005,002,5,_,2
005002_7.mp3,5_2.png,mp3,005002,005,002,5,_,2
005003_1.mp3,5_3.png,mp3,005003,005,003,5,_,3
005003_2.mp3,5_3.png,mp3,005003,005,003,5,_,3
005003_3.mp3,5_3.png,mp3,005003,005,003,5,_,3
005003_4.mp3,5_3.png,mp3,005003,005,003,5,_,3
005003_5.mp3,5_3.png,mp3,005003,005,003,5,_,3
005003_6.mp3,5_3.png,mp3,005003,005,003,5,_,3
005003_7.mp3,5_3.png,mp3,005003,005,003,5,_,3
005004_1.mp3,5_4.png,mp3,005004,005,004,5,_,4
005004_2.mp3,5_4.png,mp3,005004,005,004,5,_,4
005004_3.mp3,5_4.png,mp3,005004,005,004,5,_,4
005004_4.mp3,5_4.png,mp3,005004,005,004,5,_,4
005004_5.mp3,5_4.png,mp3,005004,005,004,5,_,4
005005_1.mp3,5_5.png,mp3,005005,005,005,5,_,5
005005_2.mp3,5_5.png,mp3,005005,005,005,5,_,5
005005_3.mp3,5_5.png,mp3,005005,005,005,5,_,5
005005_4.mp3,5_5.png,mp3,005005,005,005,5,_,5
005006_1.mp3,5_6.png,mp3,005006,005,006,5,_,6
005006_2.mp3,5_6.png,mp3,005006,005,006,5,_,6
005006_3.mp3,5_6.png,mp3,005006,005,006,5,_,6
005006_4.mp3,5_6.png,mp3,005006,005,006,5,_,6
005006_5.mp3,5_6.png,mp3,005006,005,006,5,_,6
005006_6.mp3,5_6.png,mp3,005006,005,006,5,_,6
005006_7.mp3,5_6.png,mp3,005006,005,006,5,_,6
005006_8.mp3,5_6.png,mp3,005006,005,006,5,_,6
005007_1.mp3,5_7.png,mp3,005007,005,007,5,_,7
005007_2.mp3,5_7.png,mp3,005007,005,007,5,_,7
005007_3.mp3,5_7.png,mp3,005007,005,007,5,_,7
005008_1.mp3,5_8.png,mp3,005008,005,008,5,_,8
005008_2.mp3,5_8.png,mp3,005008,005,008,5,_,8
005008_3.mp3,5_8.png,mp3,005008,005,008,5,_,8
005008_4.mp3,5_8.png,mp3,005008,005,008,5,_,8
005009.mp3,5_9.png,mp3,005009,005,009,5,_,9
005010.mp3,5_10.png,mp3,005010,005,010,5,_,10
005011_1.mp3,5_11.png,mp3,005011,005,011,5,_,11
005011_2.mp3,5_11.png,mp3,005011,005,011,5,_,11
005011_3.mp3,5_11.png,mp3,005011,005,011,5,_,11
005011_4.mp3,5_11.png,mp3,005011,005,011,5,_,11
005012_1.mp3,5_12.png,mp3,005012,005,012,5,_,12
005012_2.mp3,5_12.png,mp3,005012,005,012,5,_,12
005012_3.mp3,5_12.png,mp3,005012,005,012,5,_,12
005012_4.mp3,5_12.png,mp3,005012,005,012,5,_,12
005012_5.mp3,5_12.png,mp3,005012,005,012,5,_,12
005012_6.mp3,5_12.png,mp3,005012,005,012,5,_,12
005013_1.mp3,5_13.png,mp3,005013,005,013,5,_,13
005013_2.mp3,5_13.png,mp3,005013,005,013,5,_,13
005013_3.mp3,5_13.png,mp3,005013,005,013,5,_,13
005013_4.mp3,5_13.png,mp3,005013,005,013,5,_,13
005013_5.mp3,5_13.png,mp3,005013,005,013,5,_,13
005014_1.mp3,5_14.png,mp3,005014,005,014,5,_,14
005014_2.mp3,5_14.png,mp3,005014,005,014,5,_,14
005014_3.mp3,5_14.png,mp3,005014,005,014,5,_,14
005015_1.mp3,5_15.png,mp3,005015,005,015,5,_,15
005015_2.mp3,5_15.png,mp3,005015,005,015,5,_,15
005015_3.mp3,5_15.png,mp3,005015,005,015,5,_,15
005016_1.mp3,5_16.png,mp3,005016,005,016,5,_,16
005016_2.mp3,5_16.png,mp3,005016,005,016,5,_,16
005017_1.mp3,5_17.png,mp3,005017,005,017,5,_,17
005017_2.mp3,5_17.png,mp3,005017,005,017,5,_,17
005017_3.mp3,5_17.png,mp3,005017,005,017,5,_,17
005017_4.mp3,5_17.png,mp3,005017,005,017,5,_,17
005017_5.mp3,5_17.png,mp3,005017,005,017,5,_,17
005018_1.mp3,5_18.png,mp3,005018,005,018,5,_,18
005018_2.mp3,5_18.png,mp3,005018,005,018,5,_,18
005018_3.mp3,5_18.png,mp3,005018,005,018,5,_,18
005018_4.mp3,5_18.png,mp3,005018,005,018,5,_,18
005019_1.mp3,5_19.png,mp3,005019,005,019,5,_,19
005019_2.mp3,5_19.png,mp3,005019,005,019,5,_,19
005019_3.mp3,5_19.png,mp3,005019,005,019,5,_,19
005020_1.mp3,5_20.png,mp3,005020,005,020,5,_,20
005020_2.mp3,5_20.png,mp3,005020,005,020,5,_,20
005021.mp3,5_21.png,mp3,005021,005,021,5,_,21
005022_1.mp3,5_22.png,mp3,005022,005,022,5,_,22
005022_2.mp3,5_22.png,mp3,005022,005,022,5,_,22
005023_1.mp3,5_23.png,mp3,005023,005,023,5,_,23
005023_2.mp3,5_23.png,mp3,005023,005,023,5,_,23
005024_1.mp3,5_24.png,mp3,005024,005,024,5,_,24
005024_2.mp3,5_24.png,mp3,005024,005,024,5,_,24
005025_1.mp3,5_25.png,mp3,005025,005,025,5,_,25
005025_2.mp3,5_25.png,mp3,005025,005,025,5,_,25
005026_1.mp3,5_26.png,mp3,005026,005,026,5,_,26
005026_2.mp3,5_26.png,mp3,005026,005,026,5,_,26
005026_3.mp3,5_26.png,mp3,005026,005,026,5,_,26
005027_1.mp3,5_27.png,mp3,005027,005,027,5,_,27
005027_2.mp3,5_27.png,mp3,005027,005,027,5,_,27
005028_1.mp3,5_28.png,mp3,005028,005,028,5,_,28
005028_2.mp3,5_28.png,mp3,005028,005,028,5,_,28
005029_1.mp3,5_29.png,mp3,005029,005,029,5,_,29
005029_2.mp3,5_29.png,mp3,005029,005,029,5,_,29
005030.mp3,5_30.png,mp3,005030,005,030,5,_,30
005031_1.mp3,5_31.png,mp3,005031,005,031,5,_,31
005031_2.mp3,5_31.png,mp3,005031,005,031,5,_,31
005031_3.mp3,5_31.png,mp3,005031,005,031,5,_,31
005032_1.mp3,5_32.png,mp3,005032,005,032,5,_,32
005032_2.mp3,5_32.png,mp3,005032,005,032,5,_,32
005032_3.mp3,5_32.png,mp3,005032,005,032,5,_,32
005032_4.mp3,5_32.png,mp3,005032,005,032,5,_,32
005033_1.mp3,5_33.png,mp3,005033,005,033,5,_,33
005033_2.mp3,5_33.png,mp3,005033,005,033,5,_,33
005033_3.mp3,5_33.png,mp3,005033,005,033,5,_,33
005033_4.mp3,5_33.png,mp3,005033,005,033,5,_,33
005034_1.mp3,5_34.png,mp3,005034,005,034,5,_,34
005034_2.mp3,5_34.png,mp3,005034,005,034,5,_,34
005035.mp3,5_35.png,mp3,005035,005,035,5,_,35
005036_1.mp3,5_36.png,mp3,005036,005,036,5,_,36
005036_2.mp3,5_36.png,mp3,005036,005,036,5,_,36
005037_1.mp3,5_37.png,mp3,005037,005,037,5,_,37
005037_2.mp3,5_37.png,mp3,005037,005,037,5,_,37
005038_1.mp3,5_38.png,mp3,005038,005,038,5,_,38
005038_2.mp3,5_38.png,mp3,005038,005,038,5,_,38
005039_1.mp3,5_39.png,mp3,005039,005,039,5,_,39
005039_2.mp3,5_39.png,mp3,005039,005,039,5,_,39
005040_1.mp3,5_40.png,mp3,005040,005,040,5,_,40
005040_2.mp3,5_40.png,mp3,005040,005,040,5,_,40
005041_1.mp3,5_41.png,mp3,005041,005,041,5,_,41
005041_2.mp3,5_41.png,mp3,005041,005,041,5,_,41
005041_3.mp3,5_41.png,mp3,005041,005,041,5,_,41
005041_4.mp3,5_41.png,mp3,005041,005,041,5,_,41
005041_5.mp3,5_41.png,mp3,005041,005,041,5,_,41
005041_6.mp3,5_41.png,mp3,005041,005,041,5,_,41
005041_7.mp3,5_41.png,mp3,005041,005,041,5,_,41
005041_8.mp3,5_41.png,mp3,005041,005,041,5,_,41
005042_1.mp3,5_42.png,mp3,005042,005,042,5,_,42
005042_2.mp3,5_42.png,mp3,005042,005,042,5,_,42
005042_3.mp3,5_42.png,mp3,005042,005,042,5,_,42
005042_4.mp3,5_42.png,mp3,005042,005,042,5,_,42
005042_5.mp3,5_42.png,mp3,005042,005,042,5,_,42
005043_1.mp3,5_43.png,mp3,005043,005,043,5,_,43
005043_2.mp3,5_43.png,mp3,005043,005,043,5,_,43
005044_1.mp3,5_44.png,mp3,005044,005,044,5,_,44
005044_2.mp3,5_44.png,mp3,005044,005,044,5,_,44
005044_3.mp3,5_44.png,mp3,005044,005,044,5,_,44
005044_4.mp3,5_44.png,mp3,005044,005,044,5,_,44
005044_5.mp3,5_44.png,mp3,005044,005,044,5,_,44
005045_1.mp3,5_45.png,mp3,005045,005,045,5,_,45
005045_2.mp3,5_45.png,mp3,005045,005,045,5,_,45
005045_3.mp3,5_45.png,mp3,005045,005,045,5,_,45
005045_4.mp3,5_45.png,mp3,005045,005,045,5,_,45
005046_1.mp3,5_46.png,mp3,005046,005,046,5,_,46
005046_2.mp3,5_46.png,mp3,005046,005,046,5,_,46
005047_1.mp3,5_47.png,mp3,005047,005,047,5,_,47
005047_2.mp3,5_47.png,mp3,005047,005,047,5,_,47
005048_1.mp3,5_48.png,mp3,005048,005,048,5,_,48
005048_2.mp3,5_48.png,mp3,005048,005,048,5,_,48
005048_3.mp3,5_48.png,mp3,005048,005,048,5,_,48
005048_4.mp3,5_48.png,mp3,005048,005,048,5,_,48
005048_5.mp3,5_48.png,mp3,005048,005,048,5,_,48
005048_6.mp3,5_48.png,mp3,005048,005,048,5,_,48
005048_7.mp3,5_48.png,mp3,005048,005,048,5,_,48
005049_1.mp3,5_49.png,mp3,005049,005,049,5,_,49
005049_2.mp3,5_49.png,mp3,005049,005,049,5,_,49
005049_3.mp3,5_49.png,mp3,005049,005,049,5,_,49
005049_4.mp3,5_49.png,mp3,005049,005,049,5,_,49
005050_1.mp3,5_50.png,mp3,005050,005,050,5,_,50
005050_2.mp3,5_50.png,mp3,005050,005,050,5,_,50
005051_1.mp3,5_51.png,mp3,005051,005,051,5,_,51
005051_2.mp3,5_51.png,mp3,005051,005,051,5,_,51
005051_3.mp3,5_51.png,mp3,005051,005,051,5,_,51
005051_4.mp3,5_51.png,mp3,005051,005,051,5,_,51
005052_1.mp3,5_52.png,mp3,005052,005,052,5,_,52
005052_2.mp3,5_52.png,mp3,005052,005,052,5,_,52
005053_1.mp3,5_53.png,mp3,005053,005,053,5,_,53
005053_2.mp3,5_53.png,mp3,005053,005,053,5,_,53
005054_1.mp3,5_54.png,mp3,005054,005,054,5,_,54
005054_2.mp3,5_54.png,mp3,005054,005,054,5,_,54
005054_3.mp3,5_54.png,mp3,005054,005,054,5,_,54
005054_4.mp3,5_54.png,mp3,005054,005,054,5,_,54
005054_5.mp3,5_54.png,mp3,005054,005,054,5,_,54
005055.mp3,5_55.png,mp3,005055,005,055,5,_,55
005056.mp3,5_56.png,mp3,005056,005,056,5,_,56
005057_1.mp3,5_57.png,mp3,005057,005,057,5,_,57
005057_2.mp3,5_57.png,mp3,005057,005,057,5,_,57
005057_3.mp3,5_57.png,mp3,005057,005,057,5,_,57
005058_1.mp3,5_58.png,mp3,005058,005,058,5,_,58
005058_2.mp3,5_58.png,mp3,005058,005,058,5,_,58
005059_1.mp3,5_59.png,mp3,005059,005,059,5,_,59
005059_2.mp3,5_59.png,mp3,005059,005,059,5,_,59
005060_1.mp3,5_60.png,mp3,005060,005,060,5,_,60
005060_2.mp3,5_60.png,mp3,005060,005,060,5,_,60
005060_3.mp3,5_60.png,mp3,005060,005,060,5,_,60
005061_1.mp3,5_61.png,mp3,005061,005,061,5,_,61
005061_2.mp3,5_61.png,mp3,005061,005,061,5,_,61
005062_1.mp3,5_62.png,mp3,005062,005,062,5,_,62
005062_2.mp3,5_62.png,mp3,005062,005,062,5,_,62
005063_1.mp3,5_63.png,mp3,005063,005,063,5,_,63
005063_2.mp3,5_63.png,mp3,005063,005,063,5,_,63
005064_1.mp3,5_64.png,mp3,005064,005,064,5,_,64
005064_2.mp3,5_64.png,mp3,005064,005,064,5,_,64
005064_3.mp3,5_64.png,mp3,005064,005,064,5,_,64
005064_4.mp3,5_64.png,mp3,005064,005,064,5,_,64
005064_5.mp3,5_64.png,mp3,005064,005,064,5,_,64
005064_6.mp3,5_64.png,mp3,005064,005,064,5,_,64
005064_7.mp3,5_64.png,mp3,005064,005,064,5,_,64
005064_8.mp3,5_64.png,mp3,005064,005,064,5,_,64
005065.mp3,5_65.png,mp3,005065,005,065,5,_,65
005066_1.mp3,5_66.png,mp3,005066,005,066,5,_,66
005066_2.mp3,5_66.png,mp3,005066,005,066,5,_,66
005066_3.mp3,5_66.png,mp3,005066,005,066,5,_,66
005067_1.mp3,5_67.png,mp3,005067,005,067,5,_,67
005067_2.mp3,5_67.png,mp3,005067,005,067,5,_,67
005067_3.mp3,5_67.png,mp3,005067,005,067,5,_,67
005067_4.mp3,5_67.png,mp3,005067,005,067,5,_,67
005068_1.mp3,5_68.png,mp3,005068,005,068,5,_,68
005068_2.mp3,5_68.png,mp3,005068,005,068,5,_,68
005068_3.mp3,5_68.png,mp3,005068,005,068,5,_,68
005069_1.mp3,5_69.png,mp3,005069,005,069,5,_,69
005069_2.mp3,5_69.png,mp3,005069,005,069,5,_,69
005070_1.mp3,5_70.png,mp3,005070,005,070,5,_,70
005070_2.mp3,5_70.png,mp3,005070,005,070,5,_,70
005071_1.mp3,5_71.png,mp3,005071,005,071,5,_,71
005071_2.mp3,5_71.png,mp3,005071,005,071,5,_,71
005072_1.mp3,5_72.png,mp3,005072,005,072,5,_,72
005072_2.mp3,5_72.png,mp3,005072,005,072,5,_,72
005072_3.mp3,5_72.png,mp3,005072,005,072,5,_,72
005072_4.mp3,5_72.png,mp3,005072,005,072,5,_,72
005073_1.mp3,5_73.png,mp3,005073,005,073,5,_,73
005073_2.mp3,5_73.png,mp3,005073,005,073,5,_,73
005073_3.mp3,5_73.png,mp3,005073,005,073,5,_,73
005074_1.mp3,5_74.png,mp3,005074,005,074,5,_,74
005074_2.mp3,5_74.png,mp3,005074,005,074,5,_,74
005075_1.mp3,5_75.png,mp3,005075,005,075,5,_,75
005075_2.mp3,5_75.png,mp3,005075,005,075,5,_,75
005075_3.mp3,5_75.png,mp3,005075,005,075,5,_,75
005076_1.mp3,5_76.png,mp3,005076,005,076,5,_,76
005076_2.mp3,5_76.png,mp3,005076,005,076,5,_,76
005077_1.mp3,5_77.png,mp3,005077,005,077,5,_,77
005077_2.mp3,5_77.png,mp3,005077,005,077,5,_,77
005078_1.mp3,5_78.png,mp3,005078,005,078,5,_,78
005078_2.mp3,5_78.png,mp3,005078,005,078,5,_,78
005079_1.mp3,5_79.png,mp3,005079,005,079,5,_,79
005079_2.mp3,5_79.png,mp3,005079,005,079,5,_,79
005080_1.mp3,5_80.png,mp3,005080,005,080,5,_,80
005080_2.mp3,5_80.png,mp3,005080,005,080,5,_,80
005081.mp3,5_81.png,mp3,005081,005,081,5,_,81
005082_1.mp3,5_82.png,mp3,005082,005,082,5,_,82
005082_2.mp3,5_82.png,mp3,005082,005,082,5,_,82
005082_3.mp3,5_82.png,mp3,005082,005,082,5,_,82
005083_1.mp3,5_83.png,mp3,005083,005,083,5,_,83
005083_2.mp3,5_83.png,mp3,005083,005,083,5,_,83
005084.mp3,5_84.png,mp3,005084,005,084,5,_,84
005085_1.mp3,5_85.png,mp3,005085,005,085,5,_,85
005085_2.mp3,5_85.png,mp3,005085,005,085,5,_,85
005086.mp3,5_86.png,mp3,005086,005,086,5,_,86
005087_1.mp3,5_87.png,mp3,005087,005,087,5,_,87
005087_2.mp3,5_87.png,mp3,005087,005,087,5,_,87
005088_1.mp3,5_88.png,mp3,005088,005,088,5,_,88
005088_2.mp3,5_88.png,mp3,005088,005,088,5,_,88
005089_1.mp3,5_89.png,mp3,005089,005,089,5,_,89
005089_2.mp3,5_89.png,mp3,005089,005,089,5,_,89
005089_3.mp3,5_89.png,mp3,005089,005,089,5,_,89
005089_4.mp3,5_89.png,mp3,005089,005,089,5,_,89
005089_5.mp3,5_89.png,mp3,005089,005,089,5,_,89
005089_6.mp3,5_89.png,mp3,005089,005,089,5,_,89
005090.mp3,5_90.png,mp3,005090,005,090,5,_,90
005091_1.mp3,5_91.png,mp3,005091,005,091,5,_,91
005091_2.mp3,5_91.png,mp3,005091,005,091,5,_,91
005092_1.mp3,5_92.png,mp3,005092,005,092,5,_,92
005092_2.mp3,5_92.png,mp3,005092,005,092,5,_,92
005093_1.mp3,5_93.png,mp3,005093,005,093,5,_,93
005093_2.mp3,5_93.png,mp3,005093,005,093,5,_,93
005094_1.mp3,5_94.png,mp3,005094,005,094,5,_,94
005094_2.mp3,5_94.png,mp3,005094,005,094,5,_,94
005095_1.mp3,5_95.png,mp3,005095,005,095,5,_,95
005095_2.mp3,5_95.png,mp3,005095,005,095,5,_,95
005095_3.mp3,5_95.png,mp3,005095,005,095,5,_,95
005095_4.mp3,5_95.png,mp3,005095,005,095,5,_,95
005095_5.mp3,5_95.png,mp3,005095,005,095,5,_,95
005095_6.mp3,5_95.png,mp3,005095,005,095,5,_,95
005096_1.mp3,5_96.png,mp3,005096,005,096,5,_,96
005096_2.mp3,5_96.png,mp3,005096,005,096,5,_,96
005096_3.mp3,5_96.png,mp3,005096,005,096,5,_,96
005097_1.mp3,5_97.png,mp3,005097,005,097,5,_,97
005097_2.mp3,5_97.png,mp3,005097,005,097,5,_,97
005098.mp3,5_98.png,mp3,005098,005,098,5,_,98
005099_1.mp3,5_99.png,mp3,005099,005,099,5,_,99
005099_2.mp3,5_99.png,mp3,005099,005,099,5,_,99
005100_1.mp3,5_100.png,mp3,005100,005,100,5,_,100
005100_2.mp3,5_100.png,mp3,005100,005,100,5,_,100
005101_1.mp3,5_101.png,mp3,005101,005,101,5,_,101
005101_2.mp3,5_101.png,mp3,005101,005,101,5,_,101
005102.mp3,5_102.png,mp3,005102,005,102,5,_,102
005103_1.mp3,5_103.png,mp3,005103,005,103,5,_,103
005103_2.mp3,5_103.png,mp3,005103,005,103,5,_,103
005104_1.mp3,5_104.png,mp3,005104,005,104,5,_,104
005104_2.mp3,5_104.png,mp3,005104,005,104,5,_,104
005105_1.mp3,5_105.png,mp3,005105,005,105,5,_,105
005105_2.mp3,5_105.png,mp3,005105,005,105,5,_,105
005105_3.mp3,5_105.png,mp3,005105,005,105,5,_,105
005106_1.mp3,5_106.png,mp3,005106,005,106,5,_,106
005106_2.mp3,5_106.png,mp3,005106,005,106,5,_,106
005106_3.mp3,5_106.png,mp3,005106,005,106,5,_,106
005106_4.mp3,5_106.png,mp3,005106,005,106,5,_,106
005107_1.mp3,5_107.png,mp3,005107,005,107,5,_,107
005107_2.mp3,5_107.png,mp3,005107,005,107,5,_,107
005108_1.mp3,5_108.png,mp3,005108,005,108,5,_,108
005108_2.mp3,5_108.png,mp3,005108,005,108,5,_,108
005108_3.mp3,5_108.png,mp3,005108,005,108,5,_,108
005109_1.mp3,5_109.png,mp3,005109,005,109,5,_,109
005109_2.mp3,5_109.png,mp3,005109,005,109,5,_,109
005110_1.mp3,5_110.png,mp3,005110,005,110,5,_,110
005110_2.mp3,5_110.png,mp3,005110,005,110,5,_,110
005110_3.mp3,5_110.png,mp3,005110,005,110,5,_,110
005110_4.mp3,5_110.png,mp3,005110,005,110,5,_,110
005110_5.mp3,5_110.png,mp3,005110,005,110,5,_,110
005110_6.mp3,5_110.png,mp3,005110,005,110,5,_,110
005111.mp3,5_111.png,mp3,005111,005,111,5,_,111
005112_1.mp3,5_112.png,mp3,005112,005,112,5,_,112
005112_2.mp3,5_112.png,mp3,005112,005,112,5,_,112
005113.mp3,5_113.png,mp3,005113,005,113,5,_,113
005114_1.mp3,5_114.png,mp3,005114,005,114,5,_,114
005114_2.mp3,5_114.png,mp3,005114,005,114,5,_,114
005115_1.mp3,5_115.png,mp3,005115,005,115,5,_,115
005115_2.mp3,5_115.png,mp3,005115,005,115,5,_,115
005116_1.mp3,5_116.png,mp3,005116,005,116,5,_,116
005116_2.mp3,5_116.png,mp3,005116,005,116,5,_,116
005116_3.mp3,5_116.png,mp3,005116,005,116,5,_,116
005117_1.mp3,5_117.png,mp3,005117,005,117,5,_,117
005117_2.mp3,5_117.png,mp3,005117,005,117,5,_,117
005117_3.mp3,5_117.png,mp3,005117,005,117,5,_,117
005118_1.mp3,5_118.png,mp3,005118,005,118,5,_,118
005118_2.mp3,5_118.png,mp3,005118,005,118,5,_,118
005119_1.mp3,5_119.png,mp3,005119,005,119,5,_,119
005119_2.mp3,5_119.png,mp3,005119,005,119,5,_,119
005119_3.mp3,5_119.png,mp3,005119,005,119,5,_,119
005119_4.mp3,5_119.png,mp3,005119,005,119,5,_,119
005120_1.mp3,5_120.png,mp3,005120,005,120,5,_,120
005120_2.mp3,5_120.png,mp3,005120,005,120,5,_,120
006001_1.mp3,6_1.png,mp3,006001,006,001,6,_,1
006001_2.mp3,6_1.png,mp3,006001,006,001,6,_,1
006001_3.mp3,6_1.png,mp3,006001,006,001,6,_,1
006002.mp3,6_2.png,mp3,006002,006,002,6,_,2
006003.mp3,6_3.png,mp3,006003,006,003,6,_,3
006004.mp3,6_4.png,mp3,006004,006,004,6,_,4
006005_1.mp3,6_5.png,mp3,006005,006,005,6,_,5
006005_2.mp3,6_5.png,mp3,006005,006,005,6,_,5
006006_1.mp3,6_6.png,mp3,006006,006,006,6,_,6
006006_2.mp3,6_6.png,mp3,006006,006,006,6,_,6
006006_3.mp3,6_6.png,mp3,006006,006,006,6,_,6
006007.mp3,6_7.png,mp3,006007,006,007,6,_,7
006008_1.mp3,6_8.png,mp3,006008,006,008,6,_,8
006008_2.mp3,6_8.png,mp3,006008,006,008,6,_,8
006009.mp3,6_9.png,mp3,006009,006,009,6,_,9
006010.mp3,6_10.png,mp3,006010,006,010,6,_,10
006011.mp3,6_11.png,mp3,006011,006,011,6,_,11
006012_1.mp3,6_12.png,mp3,006012,006,012,6,_,12
006012_2.mp3,6_12.png,mp3,006012,006,012,6,_,12
006012_3.mp3,6_12.png,mp3,006012,006,012,6,_,12
006012_4.mp3,6_12.png,mp3,006012,006,012,6,_,12
006013_1.mp3,6_13.png,mp3,006013,006,013,6,_,13
006013_2.mp3,6_13.png,mp3,006013,006,013,6,_,13
006014_1.mp3,6_14.png,mp3,006014,006,014,6,_,14
006014_2.mp3,6_14.png,mp3,006014,006,014,6,_,14
006014_3.mp3,6_14.png,mp3,006014,006,014,6,_,14
006015.mp3,6_15.png,mp3,006015,006,015,6,_,15
006016_1.mp3,6_16.png,mp3,006016,006,016,6,_,16
006016_2.mp3,6_16.png,mp3,006016,006,016,6,_,16
006017_1.mp3,6_17.png,mp3,006017,006,017,6,_,17
006017_2.mp3,6_17.png,mp3,006017,006,017,6,_,17
006018_1.mp3,6_18.png,mp3,006018,006,018,6,_,18
006018_2.mp3,6_18.png,mp3,006018,006,018,6,_,18
006019_1.mp3,6_19.png,mp3,006019,006,019,6,_,19
006019_2.mp3,6_19.png,mp3,006019,006,019,6,_,19
006019_3.mp3,6_19.png,mp3,006019,006,019,6,_,19
006019_4.mp3,6_19.png,mp3,006019,006,019,6,_,19
006019_5.mp3,6_19.png,mp3,006019,006,019,6,_,19
006020_1.mp3,6_20.png,mp3,006020,006,020,6,_,20
006020_2.mp3,6_20.png,mp3,006020,006,020,6,_,20
006021_1.mp3,6_21.png,mp3,006021,006,021,6,_,21
006021_2.mp3,6_21.png,mp3,006021,006,021,6,_,21
006022.mp3,6_22.png,mp3,006022,006,022,6,_,22
006023.mp3,6_23.png,mp3,006023,006,023,6,_,23
006024_1.mp3,6_24.png,mp3,006024,006,024,6,_,24
006024_2.mp3,6_24.png,mp3,006024,006,024,6,_,24
006025_1.mp3,6_25.png,mp3,006025,006,025,6,_,25
006025_2.mp3,6_25.png,mp3,006025,006,025,6,_,25
006025_3.mp3,6_25.png,mp3,006025,006,025,6,_,25
006026_1.mp3,6_26.png,mp3,006026,006,026,6,_,26
006026_2.mp3,6_26.png,mp3,006026,006,026,6,_,26
006027.mp3,6_27.png,mp3,006027,006,027,6,_,27
006028_1.mp3,6_28.png,mp3,006028,006,028,6,_,28
006028_2.mp3,6_28.png,mp3,006028,006,028,6,_,28
006029.mp3,6_29.png,mp3,006029,006,029,6,_,29
006030_1.mp3,6_30.png,mp3,006030,006,030,6,_,30
006030_2.mp3,6_30.png,mp3,006030,006,030,6,_,30
006030_3.mp3,6_30.png,mp3,006030,006,030,6,_,30
006030_4.mp3,6_30.png,mp3,006030,006,030,6,_,30
006031_1.mp3,6_31.png,mp3,006031,006,031,6,_,31
006031_2.mp3,6_31.png,mp3,006031,006,031,6,_,31
006031_3.mp3,6_31.png,mp3,006031,006,031,6,_,31
006031_4.mp3,6_31.png,mp3,006031,006,031,6,_,31
006032_1.mp3,6_32.png,mp3,006032,006,032,6,_,32
006032_2.mp3,6_32.png,mp3,006032,006,032,6,_,32
006032_3.mp3,6_32.png,mp3,006032,006,032,6,_,32
006033_1.mp3,6_33.png,mp3,006033,006,033,6,_,33
006033_2.mp3,6_33.png,mp3,006033,006,033,6,_,33
006034_1.mp3,6_34.png,mp3,006034,006,034,6,_,34
006034_2.mp3,6_34.png,mp3,006034,006,034,6,_,34
006034_3.mp3,6_34.png,mp3,006034,006,034,6,_,34
006035_1.mp3,6_35.png,mp3,006035,006,035,6,_,35
006035_2.mp3,6_35.png,mp3,006035,006,035,6,_,35
006036_1.mp3,6_36.png,mp3,006036,006,036,6,_,36
006036_2.mp3,6_36.png,mp3,006036,006,036,6,_,36
006037_1.mp3,6_37.png,mp3,006037,006,037,6,_,37
006037_2.mp3,6_37.png,mp3,006037,006,037,6,_,37
006038_1.mp3,6_38.png,mp3,006038,006,038,6,_,38
006038_2.mp3,6_38.png,mp3,006038,006,038,6,_,38
006038_3.mp3,6_38.png,mp3,006038,006,038,6,_,38
006039_1.mp3,6_39.png,mp3,006039,006,039,6,_,39
006039_2.mp3,6_39.png,mp3,006039,006,039,6,_,39
006040_1.mp3,6_40.png,mp3,006040,006,040,6,_,40
006040_2.mp3,6_40.png,mp3,006040,006,040,6,_,40
006041_1.mp3,6_41.png,mp3,006041,006,041,6,_,41
006041_2.mp3,6_41.png,mp3,006041,006,041,6,_,41
006042.mp3,6_42.png,mp3,006042,006,042,6,_,42
006043.mp3,6_43.png,mp3,006043,006,043,6,_,43
006044_1.mp3,6_44.png,mp3,006044,006,044,6,_,44
006044_2.mp3,6_44.png,mp3,006044,006,044,6,_,44
006045_1.mp3,6_45.png,mp3,006045,006,045,6,_,45
006045_2.mp3,6_45.png,mp3,006045,006,045,6,_,45
006046_1.mp3,6_46.png,mp3,006046,006,046,6,_,46
006046_2.mp3,6_46.png,mp3,006046,006,046,6,_,46
006047.mp3,6_47.png,mp3,006047,006,047,6,_,47
006048_1.mp3,6_48.png,mp3,006048,006,048,6,_,48
006048_2.mp3,6_48.png,mp3,006048,006,048,6,_,48
006049.mp3,6_49.png,mp3,006049,006,049,6,_,49
006050_1.mp3,6_50.png,mp3,006050,006,050,6,_,50
006050_2.mp3,6_50.png,mp3,006050,006,050,6,_,50
006050_3.mp3,6_50.png,mp3,006050,006,050,6,_,50
006050_4.mp3,6_50.png,mp3,006050,006,050,6,_,50
006051.mp3,6_51.png,mp3,006051,006,051,6,_,51
006052_1.mp3,6_52.png,mp3,006052,006,052,6,_,52
006052_2.mp3,6_52.png,mp3,006052,006,052,6,_,52
006053_1.mp3,6_53.png,mp3,006053,006,053,6,_,53
006053_2.mp3,6_53.png,mp3,006053,006,053,6,_,53
006054_1.mp3,6_54.png,mp3,006054,006,054,6,_,54
006054_2.mp3,6_54.png,mp3,006054,006,054,6,_,54
006054_3.mp3,6_54.png,mp3,006054,006,054,6,_,54
006055.mp3,6_55.png,mp3,006055,006,055,6,_,55
006056_1.mp3,6_56.png,mp3,006056,006,056,6,_,56
006056_2.mp3,6_56.png,mp3,006056,006,056,6,_,56
006057_1.mp3,6_57.png,mp3,006057,006,057,6,_,57
006057_2.mp3,6_57.png,mp3,006057,006,057,6,_,57
006057_3.mp3,6_57.png,mp3,006057,006,057,6,_,57
006057_4.mp3,6_57.png,mp3,006057,006,057,6,_,57
006058_1.mp3,6_58.png,mp3,006058,006,058,6,_,58
006058_2.mp3,6_58.png,mp3,006058,006,058,6,_,58
006059_1.mp3,6_59.png,mp3,006059,006,059,6,_,59
006059_2.mp3,6_59.png,mp3,006059,006,059,6,_,59
006059_3.mp3,6_59.png,mp3,006059,006,059,6,_,59
006060_1.mp3,6_60.png,mp3,006060,006,060,6,_,60
006060_2.mp3,6_60.png,mp3,006060,006,060,6,_,60
006061_1.mp3,6_61.png,mp3,006061,006,061,6,_,61
006061_2.mp3,6_61.png,mp3,006061,006,061,6,_,61
006061_3.mp3,6_61.png,mp3,006061,006,061,6,_,61
006062_1.mp3,6_62.png,mp3,006062,006,062,6,_,62
006062_2.mp3,6_62.png,mp3,006062,006,062,6,_,62
006063.mp3,6_63.png,mp3,006063,006,063,6,_,63
006064.mp3,6_64.png,mp3,006064,006,064,6,_,64
006065_1.mp3,6_65.png,mp3,006065,006,065,6,_,65
006065_2.mp3,6_65.png,mp3,006065,006,065,6,_,65
006065_3.mp3,6_65.png,mp3,006065,006,065,6,_,65
006066_1.mp3,6_66.png,mp3,006066,006,066,6,_,66
006066_2.mp3,6_66.png,mp3,006066,006,066,6,_,66
006067.mp3,6_67.png,mp3,006067,006,067,6,_,67
006068_1.mp3,6_68.png,mp3,006068,006,068,6,_,68
006068_2.mp3,6_68.png,mp3,006068,006,068,6,_,68
006069.mp3,6_69.png,mp3,006069,006,069,6,_,69
006070_1.mp3,6_70.png,mp3,006070,006,070,6,_,70
006070_2.mp3,6_70.png,mp3,006070,006,070,6,_,70
006070_3.mp3,6_70.png,mp3,006070,006,070,6,_,70
006070_4.mp3,6_70.png,mp3,006070,006,070,6,_,70
006071_1.mp3,6_71.png,mp3,006071,006,071,6,_,71
006071_2.mp3,6_71.png,mp3,006071,006,071,6,_,71
006071_3.mp3,6_71.png,mp3,006071,006,071,6,_,71
006071_4.mp3,6_71.png,mp3,006071,006,071,6,_,71
006072_1.mp3,6_72.png,mp3,006072,006,072,6,_,72
006072_2.mp3,6_72.png,mp3,006072,006,072,6,_,72
006073_1.mp3,6_73.png,mp3,006073,006,073,6,_,73
006073_2.mp3,6_73.png,mp3,006073,006,073,6,_,73
006073_3.mp3,6_73.png,mp3,006073,006,073,6,_,73
006073_4.mp3,6_73.png,mp3,006073,006,073,6,_,73
006073_5.mp3,6_73.png,mp3,006073,006,073,6,_,73
006074_1.mp3,6_74.png,mp3,006074,006,074,6,_,74
006074_2.mp3,6_74.png,mp3,006074,006,074,6,_,74
006075.mp3,6_75.png,mp3,006075,006,075,6,_,75
006076_1.mp3,6_76.png,mp3,006076,006,076,6,_,76
006076_2.mp3,6_76.png,mp3,006076,006,076,6,_,76
006077_1.mp3,6_77.png,mp3,006077,006,077,6,_,77
006077_2.mp3,6_77.png,mp3,006077,006,077,6,_,77
006078_1.mp3,6_78.png,mp3,006078,006,078,6,_,78
006078_2.mp3,6_78.png,mp3,006078,006,078,6,_,78
006079.mp3,6_79.png,mp3,006079,006,079,6,_,79
006080_1.mp3,6_80.png,mp3,006080,006,080,6,_,80
006080_2.mp3,6_80.png,mp3,006080,006,080,6,_,80
006080_3.mp3,6_80.png,mp3,006080,006,080,6,_,80
006080_4.mp3,6_80.png,mp3,006080,006,080,6,_,80
006080_5.mp3,6_80.png,mp3,006080,006,080,6,_,80
006081_1.mp3,6_81.png,mp3,006081,006,081,6,_,81
006081_2.mp3,6_81.png,mp3,006081,006,081,6,_,81
006082.mp3,6_82.png,mp3,006082,006,082,6,_,82
006083_1.mp3,6_83.png,mp3,006083,006,083,6,_,83
006083_2.mp3,6_83.png,mp3,006083,006,083,6,_,83
006083_3.mp3,6_83.png,mp3,006083,006,083,6,_,83
006084_1.mp3,6_84.png,mp3,006084,006,084,6,_,84
006084_2.mp3,6_84.png,mp3,006084,006,084,6,_,84
006084_3.mp3,6_84.png,mp3,006084,006,084,6,_,84
006084_4.mp3,6_84.png,mp3,006084,006,084,6,_,84
006085_1.mp3,6_85.png,mp3,006085,006,085,6,_,85
006085_2.mp3,6_85.png,mp3,006085,006,085,6,_,85
006086_1.mp3,6_86.png,mp3,006086,006,086,6,_,86
006086_2.mp3,6_86.png,mp3,006086,006,086,6,_,86
006087.mp3,6_87.png,mp3,006087,006,087,6,_,87
006088_1.mp3,6_88.png,mp3,006088,006,088,6,_,88
006088_2.mp3,6_88.png,mp3,006088,006,088,6,_,88
006089_1.mp3,6_89.png,mp3,006089,006,089,6,_,89
006089_2.mp3,6_89.png,mp3,006089,006,089,6,_,89
006090_1.mp3,6_90.png,mp3,006090,006,090,6,_,90
006090_2.mp3,6_90.png,mp3,006090,006,090,6,_,90
006090_3.mp3,6_90.png,mp3,006090,006,090,6,_,90
006091_1.mp3,6_91.png,mp3,006091,006,091,6,_,91
006091_2.mp3,6_91.png,mp3,006091,006,091,6,_,91
006091_3.mp3,6_91.png,mp3,006091,006,091,6,_,91
006091_4.mp3,6_91.png,mp3,006091,006,091,6,_,91
006091_5.mp3,6_91.png,mp3,006091,006,091,6,_,91
006092_1.mp3,6_92.png,mp3,006092,006,092,6,_,92
006092_2.mp3,6_92.png,mp3,006092,006,092,6,_,92
006093_1.mp3,6_93.png,mp3,006093,006,093,6,_,93
006093_2.mp3,6_93.png,mp3,006093,006,093,6,_,93
006093_3.mp3,6_93.png,mp3,006093,006,093,6,_,93
006093_4.mp3,6_93.png,mp3,006093,006,093,6,_,93
006094_1.mp3,6_94.png,mp3,006094,006,094,6,_,94
006094_2.mp3,6_94.png,mp3,006094,006,094,6,_,94
006094_3.mp3,6_94.png,mp3,006094,006,094,6,_,94
006095_1.mp3,6_95.png,mp3,006095,006,095,6,_,95
006095_2.mp3,6_95.png,mp3,006095,006,095,6,_,95
006096_1.mp3,6_96.png,mp3,006096,006,096,6,_,96
006096_2.mp3,6_96.png,mp3,006096,006,096,6,_,96
006097_1.mp3,6_97.png,mp3,006097,006,097,6,_,97
006097_2.mp3,6_97.png,mp3,006097,006,097,6,_,97
006098_1.mp3,6_98.png,mp3,006098,006,098,6,_,98
006098_2.mp3,6_98.png,mp3,006098,006,098,6,_,98
006099_1.mp3,6_99.png,mp3,006099,006,099,6,_,99
006099_2.mp3,6_99.png,mp3,006099,006,099,6,_,99
006099_3.mp3,6_99.png,mp3,006099,006,099,6,_,99
006099_4.mp3,6_99.png,mp3,006099,006,099,6,_,99
006099_5.mp3,6_99.png,mp3,006099,006,099,6,_,99
006100_1.mp3,6_100.png,mp3,006100,006,100,6,_,100
006100_2.mp3,6_100.png,mp3,006100,006,100,6,_,100
006101_1.mp3,6_101.png,mp3,006101,006,101,6,_,101
006101_2.mp3,6_101.png,mp3,006101,006,101,6,_,101
006101_3.mp3,6_101.png,mp3,006101,006,101,6,_,101
006102_1.mp3,6_102.png,mp3,006102,006,102,6,_,102
006102_2.mp3,6_102.png,mp3,006102,006,102,6,_,102
006103_1.mp3,6_103.png,mp3,006103,006,103,6,_,103
006103_2.mp3,6_103.png,mp3,006103,006,103,6,_,103
006104_1.mp3,6_104.png,mp3,006104,006,104,6,_,104
006104_2.mp3,6_104.png,mp3,006104,006,104,6,_,104
006105.mp3,6_105.png,mp3,006105,006,105,6,_,105
006106.mp3,6_106.png,mp3,006106,006,106,6,_,106
006107_1.mp3,6_107.png,mp3,006107,006,107,6,_,107
006107_2.mp3,6_107.png,mp3,006107,006,107,6,_,107
006108_1.mp3,6_108.png,mp3,006108,006,108,6,_,108
006108_2.mp3,6_108.png,mp3,006108,006,108,6,_,108
006109_1.mp3,6_109.png,mp3,006109,006,109,6,_,109
006109_2.mp3,6_109.png,mp3,006109,006,109,6,_,109
006109_3.mp3,6_109.png,mp3,006109,006,109,6,_,109
006110.mp3,6_110.png,mp3,006110,006,110,6,_,110
006111_1.mp3,6_111.png,mp3,006111,006,111,6,_,111
006111_2.mp3,6_111.png,mp3,006111,006,111,6,_,111
006112_1.mp3,6_112.png,mp3,006112,006,112,6,_,112
006112_2.mp3,6_112.png,mp3,006112,006,112,6,_,112
006113.mp3,6_113.png,mp3,006113,006,113,6,_,113
006114_1.mp3,6_114.png,mp3,006114,006,114,6,_,114
006114_2.mp3,6_114.png,mp3,006114,006,114,6,_,114
006114_3.mp3,6_114.png,mp3,006114,006,114,6,_,114
006115.mp3,6_115.png,mp3,006115,006,115,6,_,115
006116_1.mp3,6_116.png,mp3,006116,006,116,6,_,116
006116_2.mp3,6_116.png,mp3,006116,006,116,6,_,116
006117.mp3,6_117.png,mp3,006117,006,117,6,_,117
006118.mp3,6_118.png,mp3,006118,006,118,6,_,118
006119_1.mp3,6_119.png,mp3,006119,006,119,6,_,119
006119_2.mp3,6_119.png,mp3,006119,006,119,6,_,119
006119_3.mp3,6_119.png,mp3,006119,006,119,6,_,119
006120_1.mp3,6_120.png,mp3,006120,006,120,6,_,120
006120_2.mp3,6_120.png,mp3,006120,006,120,6,_,120
006121_1.mp3,6_121.png,mp3,006121,006,121,6,_,121
006121_2.mp3,6_121.png,mp3,006121,006,121,6,_,121
006121_3.mp3,6_121.png,mp3,006121,006,121,6,_,121
006122_1.mp3,6_122.png,mp3,006122,006,122,6,_,122
006122_2.mp3,6_122.png,mp3,006122,006,122,6,_,122
006123_1.mp3,6_123.png,mp3,006123,006,123,6,_,123
006123_2.mp3,6_123.png,mp3,006123,006,123,6,_,123
006124_1.mp3,6_124.png,mp3,006124,006,124,6,_,124
006124_2.mp3,6_124.png,mp3,006124,006,124,6,_,124
006124_3.mp3,6_124.png,mp3,006124,006,124,6,_,124
006125_1.mp3,6_125.png,mp3,006125,006,125,6,_,125
006125_2.mp3,6_125.png,mp3,006125,006,125,6,_,125
006125_3.mp3,6_125.png,mp3,006125,006,125,6,_,125
006126.mp3,6_126.png,mp3,006126,006,126,6,_,126
006127.mp3,6_127.png,mp3,006127,006,127,6,_,127
006128_1.mp3,6_128.png,mp3,006128,006,128,6,_,128
006128_2.mp3,6_128.png,mp3,006128,006,128,6,_,128
006128_3.mp3,6_128.png,mp3,006128,006,128,6,_,128
006128_4.mp3,6_128.png,mp3,006128,006,128,6,_,128
006129.mp3,6_129.png,mp3,006129,006,129,6,_,129
006130_1.mp3,6_130.png,mp3,006130,006,130,6,_,130
006130_2.mp3,6_130.png,mp3,006130,006,130,6,_,130
006130_3.mp3,6_130.png,mp3,006130,006,130,6,_,130
006131.mp3,6_131.png,mp3,006131,006,131,6,_,131
006132_1.mp3,6_132.png,mp3,006132,006,132,6,_,132
006132_2.mp3,6_132.png,mp3,006132,006,132,6,_,132
006133_1.mp3,6_133.png,mp3,006133,006,133,6,_,133
006133_2.mp3,6_133.png,mp3,006133,006,133,6,_,133
006134.mp3,6_134.png,mp3,006134,006,134,6,_,134
006135_1.mp3,6_135.png,mp3,006135,006,135,6,_,135
006135_2.mp3,6_135.png,mp3,006135,006,135,6,_,135
006135_3.mp3,6_135.png,mp3,006135,006,135,6,_,135
006136_1.mp3,6_136.png,mp3,006136,006,136,6,_,136
006136_2.mp3,6_136.png,mp3,006136,006,136,6,_,136
006136_3.mp3,6_136.png,mp3,006136,006,136,6,_,136
006136_4.mp3,6_136.png,mp3,006136,006,136,6,_,136
006137_1.mp3,6_137.png,mp3,006137,006,137,6,_,137
006137_2.mp3,6_137.png,mp3,006137,006,137,6,_,137
006137_3.mp3,6_137.png,mp3,006137,006,137,6,_,137
006138_1.mp3,6_138.png,mp3,006138,006,138,6,_,138
006138_2.mp3,6_138.png,mp3,006138,006,138,6,_,138
006138_3.mp3,6_138.png,mp3,006138,006,138,6,_,138
006138_4.mp3,6_138.png,mp3,006138,006,138,6,_,138
006139_1.mp3,6_139.png,mp3,006139,006,139,6,_,139
006139_2.mp3,6_139.png,mp3,006139,006,139,6,_,139
006139_3.mp3,6_139.png,mp3,006139,006,139,6,_,139
006139_4.mp3,6_139.png,mp3,006139,006,139,6,_,139
006140_1.mp3,6_140.png,mp3,006140,006,140,6,_,140
006140_2.mp3,6_140.png,mp3,006140,006,140,6,_,140
006141_1.mp3,6_141.png,mp3,006141,006,141,6,_,141
006141_2.mp3,6_141.png,mp3,006141,006,141,6,_,141
006141_3.mp3,6_141.png,mp3,006141,006,141,6,_,141
006141_4.mp3,6_141.png,mp3,006141,006,141,6,_,141
006142_1.mp3,6_142.png,mp3,006142,006,142,6,_,142
006142_2.mp3,6_142.png,mp3,006142,006,142,6,_,142
006142_3.mp3,6_142.png,mp3,006142,006,142,6,_,142
006143_1.mp3,6_143.png,mp3,006143,006,143,6,_,143
006143_2.mp3,6_143.png,mp3,006143,006,143,6,_,143
006143_3.mp3,6_143.png,mp3,006143,006,143,6,_,143
006144_1.mp3,6_144.png,mp3,006144,006,144,6,_,144
006144_2.mp3,6_144.png,mp3,006144,006,144,6,_,144
006144_3.mp3,6_144.png,mp3,006144,006,144,6,_,144
006144_4.mp3,6_144.png,mp3,006144,006,144,6,_,144
006144_5.mp3,6_144.png,mp3,006144,006,144,6,_,144
006145_1.mp3,6_145.png,mp3,006145,006,145,6,_,145
006145_2.mp3,6_145.png,mp3,006145,006,145,6,_,145
006145_3.mp3,6_145.png,mp3,006145,006,145,6,_,145
006145_4.mp3,6_145.png,mp3,006145,006,145,6,_,145
006146_1.mp3,6_146.png,mp3,006146,006,146,6,_,146
006146_2.mp3,6_146.png,mp3,006146,006,146,6,_,146
006146_3.mp3,6_146.png,mp3,006146,006,146,6,_,146
006147.mp3,6_147.png,mp3,006147,006,147,6,_,147
006148_1.mp3,6_148.png,mp3,006148,006,148,6,_,148
006148_2.mp3,6_148.png,mp3,006148,006,148,6,_,148
006148_3.mp3,6_148.png,mp3,006148,006,148,6,_,148
006148_4.mp3,6_148.png,mp3,006148,006,148,6,_,148
006149_1.mp3,6_149.png,mp3,006149,006,149,6,_,149
006149_2.mp3,6_149.png,mp3,006149,006,149,6,_,149
006150_1.mp3,6_150.png,mp3,006150,006,150,6,_,150
006150_2.mp3,6_150.png,mp3,006150,006,150,6,_,150
006151_1.mp3,6_151.png,mp3,006151,006,151,6,_,151
006151_2.mp3,6_151.png,mp3,006151,006,151,6,_,151
006151_3.mp3,6_151.png,mp3,006151,006,151,6,_,151
006151_4.mp3,6_151.png,mp3,006151,006,151,6,_,151
006152_1.mp3,6_152.png,mp3,006152,006,152,6,_,152
006152_2.mp3,6_152.png,mp3,006152,006,152,6,_,152
006152_3.mp3,6_152.png,mp3,006152,006,152,6,_,152
006152_4.mp3,6_152.png,mp3,006152,006,152,6,_,152
006152_5.mp3,6_152.png,mp3,006152,006,152,6,_,152
006153_1.mp3,6_153.png,mp3,006153,006,153,6,_,153
006153_2.mp3,6_153.png,mp3,006153,006,153,6,_,153
006154_1.mp3,6_154.png,mp3,006154,006,154,6,_,154
006154_2.mp3,6_154.png,mp3,006154,006,154,6,_,154
006155.mp3,6_155.png,mp3,006155,006,155,6,_,155
006156.mp3,6_156.png,mp3,006156,006,156,6,_,156
006157_1.mp3,6_157.png,mp3,006157,006,157,6,_,157
006157_2.mp3,6_157.png,mp3,006157,006,157,6,_,157
006157_3.mp3,6_157.png,mp3,006157,006,157,6,_,157
006157_4.mp3,6_157.png,mp3,006157,006,157,6,_,157
006158_1.mp3,6_158.png,mp3,006158,006,158,6,_,158
006158_2.mp3,6_158.png,mp3,006158,006,158,6,_,158
006159_1.mp3,6_159.png,mp3,006159,006,159,6,_,159
006159_2.mp3,6_159.png,mp3,006159,006,159,6,_,159
006160_1.mp3,6_160.png,mp3,006160,006,160,6,_,160
006160_2.mp3,6_160.png,mp3,006160,006,160,6,_,160
006161_1.mp3,6_161.png,mp3,006161,006,161,6,_,161
006161_2.mp3,6_161.png,mp3,006161,006,161,6,_,161
006162.mp3,6_162.png,mp3,006162,006,162,6,_,162
006163.mp3,6_163.png,mp3,006163,006,163,6,_,163
006164_1.mp3,6_164.png,mp3,006164,006,164,6,_,164
006164_2.mp3,6_164.png,mp3,006164,006,164,6,_,164
006164_3.mp3,6_164.png,mp3,006164,006,164,6,_,164
006165_1.mp3,6_165.png,mp3,006165,006,165,6,_,165
006165_2.mp3,6_165.png,mp3,006165,006,165,6,_,165
007001_1.mp3,7_1.png,mp3,007001,007,001,7,_,1
007001_2.mp3,7_1.png,mp3,007001,007,001,7,_,1
007002.mp3,7_2.png,mp3,007002,007,002,7,_,2
007003_1.mp3,7_3.png,mp3,007003,007,003,7,_,3
007003_2.mp3,7_3.png,mp3,007003,007,003,7,_,3
007004.mp3,7_4.png,mp3,007004,007,004,7,_,4
007005.mp3,7_5.png,mp3,007005,007,005,7,_,5
007006.mp3,7_6.png,mp3,007006,007,006,7,_,6
007007.mp3,7_7.png,mp3,007007,007,007,7,_,7
007008_1.mp3,7_8.png,mp3,007008,007,008,7,_,8
007008_2.mp3,7_8.png,mp3,007008,007,008,7,_,8
007009.mp3,7_9.png,mp3,007009,007,009,7,_,9
007010_1.mp3,7_10.png,mp3,007010,007,010,7,_,10
007010_2.mp3,7_10.png,mp3,007010,007,010,7,_,10
007011_1.mp3,7_11.png,mp3,007011,007,011,7,_,11
007011_2.mp3,7_11.png,mp3,007011,007,011,7,_,11
007012_1.mp3,7_12.png,mp3,007012,007,012,7,_,12
007012_2.mp3,7_12.png,mp3,007012,007,012,7,_,12
007013.mp3,7_13.png,mp3,007013,007,013,7,_,13
007014.mp3,7_14.png,mp3,007014,007,014,7,_,14
007015.mp3,7_15.png,mp3,007015,007,015,7,_,15
007016.mp3,7_16.png,mp3,007016,007,016,7,_,16
007017_1.mp3,7_17.png,mp3,007017,007,017,7,_,17
007017_2.mp3,7_17.png,mp3,007017,007,017,7,_,17
007018.mp3,7_18.png,mp3,007018,007,018,7,_,18
007019.mp3,7_19.png,mp3,007019,007,019,7,_,19
007020_1.mp3,7_20.png,mp3,007020,007,020,7,_,20
007020_2.mp3,7_20.png,mp3,007020,007,020,7,_,20
007021.mp3,7_21.png,mp3,007021,007,021,7,_,21
007022_1.mp3,7_22.png,mp3,007022,007,022,7,_,22
007022_2.mp3,7_22.png,mp3,007022,007,022,7,_,22
007022_3.mp3,7_22.png,mp3,007022,007,022,7,_,22
007023.mp3,7_23.png,mp3,007023,007,023,7,_,23
007024.mp3,7_24.png,mp3,007024,007,024,7,_,24
007025.mp3,7_25.png,mp3,007025,007,025,7,_,25
007026_1.mp3,7_26.png,mp3,007026,007,026,7,_,26
007026_2.mp3,7_26.png,mp3,007026,007,026,7,_,26
007026_3.mp3,7_26.png,mp3,007026,007,026,7,_,26
007027_1.mp3,7_27.png,mp3,007027,007,027,7,_,27
007027_2.mp3,7_27.png,mp3,007027,007,027,7,_,27
007027_3.mp3,7_27.png,mp3,007027,007,027,7,_,27
007028_1.mp3,7_28.png,mp3,007028,007,028,7,_,28
007028_2.mp3,7_28.png,mp3,007028,007,028,7,_,28
007028_3.mp3,7_28.png,mp3,007028,007,028,7,_,28
007029_1.mp3,7_29.png,mp3,007029,007,029,7,_,29
007029_2.mp3,7_29.png,mp3,007029,007,029,7,_,29
007029_3.mp3,7_29.png,mp3,007029,007,029,7,_,29
007030_1.mp3,7_30.png,mp3,007030,007,030,7,_,30
007030_2.mp3,7_30.png,mp3,007030,007,030,7,_,30
007031_1.mp3,7_31.png,mp3,007031,007,031,7,_,31
007031_2.mp3,7_31.png,mp3,007031,007,031,7,_,31
007032_1.mp3,7_32.png,mp3,007032,007,032,7,_,32
007032_2.mp3,7_32.png,mp3,007032,007,032,7,_,32
007032_3.mp3,7_32.png,mp3,007032,007,032,7,_,32
007033_1.mp3,7_33.png,mp3,007033,007,033,7,_,33
007033_2.mp3,7_33.png,mp3,007033,007,033,7,_,33
007034_1.mp3,7_34.png,mp3,007034,007,034,7,_,34
007034_2.mp3,7_34.png,mp3,007034,007,034,7,_,34
007035_1.mp3,7_35.png,mp3,007035,007,035,7,_,35
007035_2.mp3,7_35.png,mp3,007035,007,035,7,_,35
007036.mp3,7_36.png,mp3,007036,007,036,7,_,36
007037_1.mp3,7_37.png,mp3,007037,007,037,7,_,37
007037_2.mp3,7_37.png,mp3,007037,007,037,7,_,37
007037_3.mp3,7_37.png,mp3,007037,007,037,7,_,37
007038_1.mp3,7_38.png,mp3,007038,007,038,7,_,38
007038_2.mp3,7_38.png,mp3,007038,007,038,7,_,38
007039.mp3,7_39.png,mp3,007039,007,039,7,_,39
007040.mp3,7_40.png,mp3,007040,007,040,7,_,40
007041_1.mp3,7_41.png,mp3,007041,007,041,7,_,41
007041_2.mp3,7_41.png,mp3,007041,007,041,7,_,41
007042.mp3,7_42.png,mp3,007042,007,042,7,_,42
007043_1.mp3,7_43.png,mp3,007043,007,043,7,_,43
007043_2.mp3,7_43.png,mp3,007043,007,043,7,_,43
007043_3.mp3,7_43.png,mp3,007043,007,043,7,_,43
007043_4.mp3,7_43.png,mp3,007043,007,043,7,_,43
007044_1.mp3,7_44.png,mp3,007044,007,044,7,_,44
007044_2.mp3,7_44.png,mp3,007044,007,044,7,_,44
007045.mp3,7_45.png,mp3,007045,007,045,7,_,45
007046_1.mp3,7_46.png,mp3,007046,007,046,7,_,46
007046_2.mp3,7_46.png,mp3,007046,007,046,7,_,46
007046_3.mp3,7_46.png,mp3,007046,007,046,7,_,46
007046_4.mp3,7_46.png,mp3,007046,007,046,7,_,46
007047.mp3,7_47.png,mp3,007047,007,047,7,_,47
007048_1.mp3,7_48.png,mp3,007048,007,048,7,_,48
007048_2.mp3,7_48.png,mp3,007048,007,048,7,_,48
007049_1.mp3,7_49.png,mp3,007049,007,049,7,_,49
007049_2.mp3,7_49.png,mp3,007049,007,049,7,_,49
007050_1.mp3,7_50.png,mp3,007050,007,050,7,_,50
007050_2.mp3,7_50.png,mp3,007050,007,050,7,_,50
007051_1.mp3,7_51.png,mp3,007051,007,051,7,_,51
007051_2.mp3,7_51.png,mp3,007051,007,051,7,_,51
007052.mp3,7_52.png,mp3,007052,007,052,7,_,52
007053_1.mp3,7_53.png,mp3,007053,007,053,7,_,53
007053_2.mp3,7_53.png,mp3,007053,007,053,7,_,53
007053_3.mp3,7_53.png,mp3,007053,007,053,7,_,53
007053_4.mp3,7_53.png,mp3,007053,007,053,7,_,53
007054_1.mp3,7_54.png,mp3,007054,007,054,7,_,54
007054_2.mp3,7_54.png,mp3,007054,007,054,7,_,54
007054_3.mp3,7_54.png,mp3,007054,007,054,7,_,54
007055_1.mp3,7_55.png,mp3,007055,007,055,7,_,55
007055_2.mp3,7_55.png,mp3,007055,007,055,7,_,55
007056_1.mp3,7_56.png,mp3,007056,007,056,7,_,56
007056_2.mp3,7_56.png,mp3,007056,007,056,7,_,56
007057_1.mp3,7_57.png,mp3,007057,007,057,7,_,57
007057_2.mp3,7_57.png,mp3,007057,007,057,7,_,57
007058_1.mp3,7_58.png,mp3,007058,007,058,7,_,58
007058_2.mp3,7_58.png,mp3,007058,007,058,7,_,58
007059_1.mp3,7_59.png,mp3,007059,007,059,7,_,59
007059_2.mp3,7_59.png,mp3,007059,007,059,7,_,59
007060.mp3,7_60.png,mp3,007060,007,060,7,_,60
007061.mp3,7_61.png,mp3,007061,007,061,7,_,61
007062.mp3,7_62.png,mp3,007062,007,062,7,_,62
007063.mp3,7_63.png,mp3,007063,007,063,7,_,63
007064_1.mp3,7_64.png,mp3,007064,007,064,7,_,64
007064_2.mp3,7_64.png,mp3,007064,007,064,7,_,64
007065_1.mp3,7_65.png,mp3,007065,007,065,7,_,65
007065_2.mp3,7_65.png,mp3,007065,007,065,7,_,65
007065_3.mp3,7_65.png,mp3,007065,007,065,7,_,65
007066.mp3,7_66.png,mp3,007066,007,066,7,_,66
007067.mp3,7_67.png,mp3,007067,007,067,7,_,67
007068.mp3,7_68.png,mp3,007068,007,068,7,_,68
007069_1.mp3,7_69.png,mp3,007069,007,069,7,_,69
007069_2.mp3,7_69.png,mp3,007069,007,069,7,_,69
007069_3.mp3,7_69.png,mp3,007069,007,069,7,_,69
007070_1.mp3,7_70.png,mp3,007070,007,070,7,_,70
007070_2.mp3,7_70.png,mp3,007070,007,070,7,_,70
007071_1.mp3,7_71.png,mp3,007071,007,071,7,_,71
007071_2.mp3,7_71.png,mp3,007071,007,071,7,_,71
007072_1.mp3,7_72.png,mp3,007072,007,072,7,_,72
007072_2.mp3,7_72.png,mp3,007072,007,072,7,_,72
007073_1.mp3,7_73.png,mp3,007073,007,073,7,_,73
007073_2.mp3,7_73.png,mp3,007073,007,073,7,_,73
007073_3.mp3,7_73.png,mp3,007073,007,073,7,_,73
007073_4.mp3,7_73.png,mp3,007073,007,073,7,_,73
007073_5.mp3,7_73.png,mp3,007073,007,073,7,_,73
007074_1.mp3,7_74.png,mp3,007074,007,074,7,_,74
007074_2.mp3,7_74.png,mp3,007074,007,074,7,_,74
007075_1.mp3,7_75.png,mp3,007075,007,075,7,_,75
007075_2.mp3,7_75.png,mp3,007075,007,075,7,_,75
007076.mp3,7_76.png,mp3,007076,007,076,7,_,76
007077.mp3,7_77.png,mp3,007077,007,077,7,_,77
007078.mp3,7_78.png,mp3,007078,007,078,7,_,78
007079.mp3,7_79.png,mp3,007079,007,079,7,_,79
007080.mp3,7_80.png,mp3,007080,007,080,7,_,80
007081_1.mp3,7_81.png,mp3,007081,007,081,7,_,81
007081_2.mp3,7_81.png,mp3,007081,007,081,7,_,81
007082_1.mp3,7_82.png,mp3,007082,007,082,7,_,82
007082_2.mp3,7_82.png,mp3,007082,007,082,7,_,82
007083.mp3,7_83.png,mp3,007083,007,083,7,_,83
007084_1.mp3,7_84.png,mp3,007084,007,084,7,_,84
007084_2.mp3,7_84.png,mp3,007084,007,084,7,_,84
007085_1.mp3,7_85.png,mp3,007085,007,085,7,_,85
007085_2.mp3,7_85.png,mp3,007085,007,085,7,_,85
007086_1.mp3,7_86.png,mp3,007086,007,086,7,_,86
007086_2.mp3,7_86.png,mp3,007086,007,086,7,_,86
007086_3.mp3,7_86.png,mp3,007086,007,086,7,_,86
007087_1.mp3,7_87.png,mp3,007087,007,087,7,_,87
007087_2.mp3,7_87.png,mp3,007087,007,087,7,_,87
007088_1.mp3,7_88.png,mp3,007088,007,088,7,_,88
007088_2.mp3,7_88.png,mp3,007088,007,088,7,_,88
007089_1.mp3,7_89.png,mp3,007089,007,089,7,_,89
007089_2.mp3,7_89.png,mp3,007089,007,089,7,_,89
007089_3.mp3,7_89.png,mp3,007089,007,089,7,_,89
007089_4.mp3,7_89.png,mp3,007089,007,089,7,_,89
007090.mp3,7_90.png,mp3,007090,007,090,7,_,90
007091.mp3,7_91.png,mp3,007091,007,091,7,_,91
007092.mp3,7_92.png,mp3,007092,007,092,7,_,92
007093_1.mp3,7_93.png,mp3,007093,007,093,7,_,93
007093_2.mp3,7_93.png,mp3,007093,007,093,7,_,93
007094_1.mp3,7_94.png,mp3,007094,007,094,7,_,94
007094_2.mp3,7_94.png,mp3,007094,007,094,7,_,94
007095_1.mp3,7_95.png,mp3,007095,007,095,7,_,95
007095_2.mp3,7_95.png,mp3,007095,007,095,7,_,95
007096_1.mp3,7_96.png,mp3,007096,007,096,7,_,96
007096_2.mp3,7_96.png,mp3,007096,007,096,7,_,96
007097.mp3,7_97.png,mp3,007097,007,097,7,_,97
007098.mp3,7_98.png,mp3,007098,007,098,7,_,98
007099_1.mp3,7_99.png,mp3,007099,007,099,7,_,99
007099_2.mp3,7_99.png,mp3,007099,007,099,7,_,99
007100_1.mp3,7_100.png,mp3,007100,007,100,7,_,100
007100_2.mp3,7_100.png,mp3,007100,007,100,7,_,100
007101_1.mp3,7_101.png,mp3,007101,007,101,7,_,101
007101_2.mp3,7_101.png,mp3,007101,007,101,7,_,101
007102.mp3,7_102.png,mp3,007102,007,102,7,_,102
007103_1.mp3,7_103.png,mp3,007103,007,103,7,_,103
007103_2.mp3,7_103.png,mp3,007103,007,103,7,_,103
007104.mp3,7_104.png,mp3,007104,007,104,7,_,104
007105.mp3,7_105.png,mp3,007105,007,105,7,_,105
007106.mp3,7_106.png,mp3,007106,007,106,7,_,106
007107.mp3,7_107.png,mp3,007107,007,107,7,_,107
007108.mp3,7_108.png,mp3,007108,007,108,7,_,108
007109.mp3,7_109.png,mp3,007109,007,109,7,_,109
007110_1.mp3,7_110.png,mp3,007110,007,110,7,_,110
007110_2.mp3,7_110.png,mp3,007110,007,110,7,_,110
007111.mp3,7_111.png,mp3,007111,007,111,7,_,111
007112.mp3,7_112.png,mp3,007112,007,112,7,_,112
007113.mp3,7_113.png,mp3,007113,007,113,7,_,113
007114.mp3,7_114.png,mp3,007114,007,114,7,_,114
007115.mp3,7_115.png,mp3,007115,007,115,7,_,115
007116_1.mp3,7_116.png,mp3,007116,007,116,7,_,116
007116_2.mp3,7_116.png,mp3,007116,007,116,7,_,116
007117.mp3,7_117.png,mp3,007117,007,117,7,_,117
007118.mp3,7_118.png,mp3,007118,007,118,7,_,118
007119.mp3,7_119.png,mp3,007119,007,119,7,_,119
007120.mp3,7_120.png,mp3,007120,007,120,7,_,120
007121.mp3,7_121.png,mp3,007121,007,121,7,_,121
007122.mp3,7_122.png,mp3,007122,007,122,7,_,122
007123_1.mp3,7_123.png,mp3,007123,007,123,7,_,123
007123_2.mp3,7_123.png,mp3,007123,007,123,7,_,123
007123_3.mp3,7_123.png,mp3,007123,007,123,7,_,123
007124.mp3,7_124.png,mp3,007124,007,124,7,_,124
007125.mp3,7_125.png,mp3,007125,007,125,7,_,125
007126_1.mp3,7_126.png,mp3,007126,007,126,7,_,126
007126_2.mp3,7_126.png,mp3,007126,007,126,7,_,126
007127_1.mp3,7_127.png,mp3,007127,007,127,7,_,127
007127_2.mp3,7_127.png,mp3,007127,007,127,7,_,127
007128_1.mp3,7_128.png,mp3,007128,007,128,7,_,128
007128_2.mp3,7_128.png,mp3,007128,007,128,7,_,128
007128_3.mp3,7_128.png,mp3,007128,007,128,7,_,128
007129_1.mp3,7_129.png,mp3,007129,007,129,7,_,129
007129_2.mp3,7_129.png,mp3,007129,007,129,7,_,129
007130.mp3,7_130.png,mp3,007130,007,130,7,_,130
007131_1.mp3,7_131.png,mp3,007131,007,131,7,_,131
007131_2.mp3,7_131.png,mp3,007131,007,131,7,_,131
007132.mp3,7_132.png,mp3,007132,007,132,7,_,132
007133.mp3,7_133.png,mp3,007133,007,133,7,_,133
007134_1.mp3,7_134.png,mp3,007134,007,134,7,_,134
007134_2.mp3,7_134.png,mp3,007134,007,134,7,_,134
007135.mp3,7_135.png,mp3,007135,007,135,7,_,135
007136.mp3,7_136.png,mp3,007136,007,136,7,_,136
007137_1.mp3,7_137.png,mp3,007137,007,137,7,_,137
007137_2.mp3,7_137.png,mp3,007137,007,137,7,_,137
007138_1.mp3,7_138.png,mp3,007138,007,138,7,_,138
007138_2.mp3,7_138.png,mp3,007138,007,138,7,_,138
007138_3.mp3,7_138.png,mp3,007138,007,138,7,_,138
007139.mp3,7_139.png,mp3,007139,007,139,7,_,139
007140.mp3,7_140.png,mp3,007140,007,140,7,_,140
007141_1.mp3,7_141.png,mp3,007141,007,141,7,_,141
007141_2.mp3,7_141.png,mp3,007141,007,141,7,_,141
007141_3.mp3,7_141.png,mp3,007141,007,141,7,_,141
007142_1.mp3,7_142.png,mp3,007142,007,142,7,_,142
007142_2.mp3,7_142.png,mp3,007142,007,142,7,_,142
007143_1.mp3,7_143.png,mp3,007143,007,143,7,_,143
007143_2.mp3,7_143.png,mp3,007143,007,143,7,_,143
007143_3.mp3,7_143.png,mp3,007143,007,143,7,_,143
007143_4.mp3,7_143.png,mp3,007143,007,143,7,_,143
007144.mp3,7_144.png,mp3,007144,007,144,7,_,144
007145_1.mp3,7_145.png,mp3,007145,007,145,7,_,145
007145_2.mp3,7_145.png,mp3,007145,007,145,7,_,145
007145_3.mp3,7_145.png,mp3,007145,007,145,7,_,145
007146_1.mp3,7_146.png,mp3,007146,007,146,7,_,146
007146_2.mp3,7_146.png,mp3,007146,007,146,7,_,146
007146_3.mp3,7_146.png,mp3,007146,007,146,7,_,146
007147_1.mp3,7_147.png,mp3,007147,007,147,7,_,147
007147_2.mp3,7_147.png,mp3,007147,007,147,7,_,147
007148_1.mp3,7_148.png,mp3,007148,007,148,7,_,148
007148_2.mp3,7_148.png,mp3,007148,007,148,7,_,148
007149.mp3,7_149.png,mp3,007149,007,149,7,_,149
007150_1.mp3,7_150.png,mp3,007150,007,150,7,_,150
007150_2.mp3,7_150.png,mp3,007150,007,150,7,_,150
007150_3.mp3,7_150.png,mp3,007150,007,150,7,_,150
007150_4.mp3,7_150.png,mp3,007150,007,150,7,_,150
007151.mp3,7_151.png,mp3,007151,007,151,7,_,151
007152_1.mp3,7_152.png,mp3,007152,007,152,7,_,152
007152_2.mp3,7_152.png,mp3,007152,007,152,7,_,152
007153.mp3,7_153.png,mp3,007153,007,153,7,_,153
007154_1.mp3,7_154.png,mp3,007154,007,154,7,_,154
007154_2.mp3,7_154.png,mp3,007154,007,154,7,_,154
007155_1.mp3,7_155.png,mp3,007155,007,155,7,_,155
007155_2.mp3,7_155.png,mp3,007155,007,155,7,_,155
007155_3.mp3,7_155.png,mp3,007155,007,155,7,_,155
007155_4.mp3,7_155.png,mp3,007155,007,155,7,_,155
007156_1.mp3,7_156.png,mp3,007156,007,156,7,_,156
007156_2.mp3,7_156.png,mp3,007156,007,156,7,_,156
007156_3.mp3,7_156.png,mp3,007156,007,156,7,_,156
007157_1.mp3,7_157.png,mp3,007157,007,157,7,_,157
007157_2.mp3,7_157.png,mp3,007157,007,157,7,_,157
007157_3.mp3,7_157.png,mp3,007157,007,157,7,_,157
007157_4.mp3,7_157.png,mp3,007157,007,157,7,_,157
007158_1.mp3,7_158.png,mp3,007158,007,158,7,_,158
007158_2.mp3,7_158.png,mp3,007158,007,158,7,_,158
007158_3.mp3,7_158.png,mp3,007158,007,158,7,_,158
007159.mp3,7_159.png,mp3,007159,007,159,7,_,159
007160_1.mp3,7_160.png,mp3,007160,007,160,7,_,160
007160_2.mp3,7_160.png,mp3,007160,007,160,7,_,160
007160_3.mp3,7_160.png,mp3,007160,007,160,7,_,160
007160_4.mp3,7_160.png,mp3,007160,007,160,7,_,160
007161_1.mp3,7_161.png,mp3,007161,007,161,7,_,161
007161_2.mp3,7_161.png,mp3,007161,007,161,7,_,161
007162.mp3,7_162.png,mp3,007162,007,162,7,_,162
007163_1.mp3,7_163.png,mp3,007163,007,163,7,_,163
007163_2.mp3,7_163.png,mp3,007163,007,163,7,_,163
007163_3.mp3,7_163.png,mp3,007163,007,163,7,_,163
007164_1.mp3,7_164.png,mp3,007164,007,164,7,_,164
007164_2.mp3,7_164.png,mp3,007164,007,164,7,_,164
007165_1.mp3,7_165.png,mp3,007165,007,165,7,_,165
007165_2.mp3,7_165.png,mp3,007165,007,165,7,_,165
007166.mp3,7_166.png,mp3,007166,007,166,7,_,166
007167_1.mp3,7_167.png,mp3,007167,007,167,7,_,167
007167_2.mp3,7_167.png,mp3,007167,007,167,7,_,167
007167_3.mp3,7_167.png,mp3,007167,007,167,7,_,167
007168_1.mp3,7_168.png,mp3,007168,007,168,7,_,168
007168_2.mp3,7_168.png,mp3,007168,007,168,7,_,168
007168_3.mp3,7_168.png,mp3,007168,007,168,7,_,168
007169_1.mp3,7_169.png,mp3,007169,007,169,7,_,169
007169_2.mp3,7_169.png,mp3,007169,007,169,7,_,169
007169_3.mp3,7_169.png,mp3,007169,007,169,7,_,169
007169_4.mp3,7_169.png,mp3,007169,007,169,7,_,169
007170.mp3,7_170.png,mp3,007170,007,170,7,_,170
007171_1.mp3,7_171.png,mp3,007171,007,171,7,_,171
007171_2.mp3,7_171.png,mp3,007171,007,171,7,_,171
007172_1.mp3,7_172.png,mp3,007172,007,172,7,_,172
007172_2.mp3,7_172.png,mp3,007172,007,172,7,_,172
007172_3.mp3,7_172.png,mp3,007172,007,172,7,_,172
007173_1.mp3,7_173.png,mp3,007173,007,173,7,_,173
007173_2.mp3,7_173.png,mp3,007173,007,173,7,_,173
007174.mp3,7_174.png,mp3,007174,007,174,7,_,174
007175.mp3,7_175.png,mp3,007175,007,175,7,_,175
007176_1.mp3,7_176.png,mp3,007176,007,176,7,_,176
007176_2.mp3,7_176.png,mp3,007176,007,176,7,_,176
007176_3.mp3,7_176.png,mp3,007176,007,176,7,_,176
007177.mp3,7_177.png,mp3,007177,007,177,7,_,177
007178.mp3,7_178.png,mp3,007178,007,178,7,_,178
007179_1.mp3,7_179.png,mp3,007179,007,179,7,_,179
007179_2.mp3,7_179.png,mp3,007179,007,179,7,_,179
007179_3.mp3,7_179.png,mp3,007179,007,179,7,_,179
007179_4.mp3,7_179.png,mp3,007179,007,179,7,_,179
007180_1.mp3,7_180.png,mp3,007180,007,180,7,_,180
007180_2.mp3,7_180.png,mp3,007180,007,180,7,_,180
007180_3.mp3,7_180.png,mp3,007180,007,180,7,_,180
007181.mp3,7_181.png,mp3,007181,007,181,7,_,181
007182.mp3,7_182.png,mp3,007182,007,182,7,_,182
007183.mp3,7_183.png,mp3,007183,007,183,7,_,183
007184_1.mp3,7_184.png,mp3,007184,007,184,7,_,184
007184_2.mp3,7_184.png,mp3,007184,007,184,7,_,184
007184_3.mp3,7_184.png,mp3,007184,007,184,7,_,184
007185_1.mp3,7_185.png,mp3,007185,007,185,7,_,185
007185_2.mp3,7_185.png,mp3,007185,007,185,7,_,185
007186_1.mp3,7_186.png,mp3,007186,007,186,7,_,186
007186_2.mp3,7_186.png,mp3,007186,007,186,7,_,186
007187_1.mp3,7_187.png,mp3,007187,007,187,7,_,187
007187_2.mp3,7_187.png,mp3,007187,007,187,7,_,187
007187_3.mp3,7_187.png,mp3,007187,007,187,7,_,187
007187_4.mp3,7_187.png,mp3,007187,007,187,7,_,187
007187_5.mp3,7_187.png,mp3,007187,007,187,7,_,187
007187_6.mp3,7_187.png,mp3,007187,007,187,7,_,187
007188_1.mp3,7_188.png,mp3,007188,007,188,7,_,188
007188_2.mp3,7_188.png,mp3,007188,007,188,7,_,188
007188_3.mp3,7_188.png,mp3,007188,007,188,7,_,188
007189_1.mp3,7_189.png,mp3,007189,007,189,7,_,189
007189_2.mp3,7_189.png,mp3,007189,007,189,7,_,189
007189_3.mp3,7_189.png,mp3,007189,007,189,7,_,189
007190_1.mp3,7_190.png,mp3,007190,007,190,7,_,190
007190_2.mp3,7_190.png,mp3,007190,007,190,7,_,190
007191.mp3,7_191.png,mp3,007191,007,191,7,_,191
007192.mp3,7_192.png,mp3,007192,007,192,7,_,192
007193_1.mp3,7_193.png,mp3,007193,007,193,7,_,193
007193_2.mp3,7_193.png,mp3,007193,007,193,7,_,193
007194_1.mp3,7_194.png,mp3,007194,007,194,7,_,194
007194_2.mp3,7_194.png,mp3,007194,007,194,7,_,194
007195.mp3,7_195.png,mp3,007195,007,195,7,_,195
007196.mp3,7_196.png,mp3,007196,007,196,7,_,196
007197.mp3,7_197.png,mp3,007197,007,197,7,_,197
007198_1.mp3,7_198.png,mp3,007198,007,198,7,_,198
007198_2.mp3,7_198.png,mp3,007198,007,198,7,_,198
007199.mp3,7_199.png,mp3,007199,007,199,7,_,199
007200_1.mp3,7_200.png,mp3,007200,007,200,7,_,200
007200_2.mp3,7_200.png,mp3,007200,007,200,7,_,200
007201.mp3,7_201.png,mp3,007201,007,201,7,_,201
007202.mp3,7_202.png,mp3,007202,007,202,7,_,202
007203.mp3,7_203.png,mp3,007203,007,203,7,_,203
007204.mp3,7_204.png,mp3,007204,007,204,7,_,204
007205.mp3,7_205.png,mp3,007205,007,205,7,_,205
007206.mp3,7_206.png,mp3,007206,007,206,7,_,206
008001_1.mp3,8_1.png,mp3,008001,008,001,8,_,1
008001_2.mp3,8_1.png,mp3,008001,008,001,8,_,1
008001_3.mp3,8_1.png,mp3,008001,008,001,8,_,1
008002_1.mp3,8_2.png,mp3,008002,008,002,8,_,2
008002_2.mp3,8_2.png,mp3,008002,008,002,8,_,2
008003.mp3,8_3.png,mp3,008003,008,003,8,_,3
008004.mp3,8_4.png,mp3,008004,008,004,8,_,4
008005.mp3,8_5.png,mp3,008005,008,005,8,_,5
008006.mp3,8_6.png,mp3,008006,008,006,8,_,6
008007_1.mp3,8_7.png,mp3,008007,008,007,8,_,7
008007_2.mp3,8_7.png,mp3,008007,008,007,8,_,7
008008.mp3,8_8.png,mp3,008008,008,008,8,_,8
008009.mp3,8_9.png,mp3,008009,008,009,8,_,9
008010_1.mp3,8_10.png,mp3,008010,008,010,8,_,10
008010_2.mp3,8_10.png,mp3,008010,008,010,8,_,10
008010_3.mp3,8_10.png,mp3,008010,008,010,8,_,10
008011_1.mp3,8_11.png,mp3,008011,008,011,8,_,11
008011_2.mp3,8_11.png,mp3,008011,008,011,8,_,11
008012.mp3,8_12.png,mp3,008012,008,012,8,_,12
008013_1.mp3,8_13.png,mp3,008013,008,013,8,_,13
008013_2.mp3,8_13.png,mp3,008013,008,013,8,_,13
008014.mp3,8_14.png,mp3,008014,008,014,8,_,14
008015.mp3,8_15.png,mp3,008015,008,015,8,_,15
008016_1.mp3,8_16.png,mp3,008016,008,016,8,_,16
008016_2.mp3,8_16.png,mp3,008016,008,016,8,_,16
008016_3.mp3,8_16.png,mp3,008016,008,016,8,_,16
008017_1.mp3,8_17.png,mp3,008017,008,017,8,_,17
008017_2.mp3,8_17.png,mp3,008017,008,017,8,_,17
008017_3.mp3,8_17.png,mp3,008017,008,017,8,_,17
008018.mp3,8_18.png,mp3,008018,008,018,8,_,18
008019_1.mp3,8_19.png,mp3,008019,008,019,8,_,19
008019_2.mp3,8_19.png,mp3,008019,008,019,8,_,19
008019_3.mp3,8_19.png,mp3,008019,008,019,8,_,19
008020.mp3,8_20.png,mp3,008020,008,020,8,_,20
008021.mp3,8_21.png,mp3,008021,008,021,8,_,21
008022.mp3,8_22.png,mp3,008022,008,022,8,_,22
008023_1.mp3,8_23.png,mp3,008023,008,023,8,_,23
008023_2.mp3,8_23.png,mp3,008023,008,023,8,_,23
008024_1.mp3,8_24.png,mp3,008024,008,024,8,_,24
008024_2.mp3,8_24.png,mp3,008024,008,024,8,_,24
008025_1.mp3,8_25.png,mp3,008025,008,025,8,_,25
008025_2.mp3,8_25.png,mp3,008025,008,025,8,_,25
008026_1.mp3,8_26.png,mp3,008026,008,026,8,_,26
008026_2.mp3,8_26.png,mp3,008026,008,026,8,_,26
008027.mp3,8_27.png,mp3,008027,008,027,8,_,27
008028.mp3,8_28.png,mp3,008028,008,028,8,_,28
008029_1.mp3,8_29.png,mp3,008029,008,029,8,_,29
008029_2.mp3,8_29.png,mp3,008029,008,029,8,_,29
008030_1.mp3,8_30.png,mp3,008030,008,030,8,_,30
008030_2.mp3,8_30.png,mp3,008030,008,030,8,_,30
008030_3.mp3,8_30.png,mp3,008030,008,030,8,_,30
008031.mp3,8_31.png,mp3,008031,008,031,8,_,31
008032.mp3,8_32.png,mp3,008032,008,032,8,_,32
008033_1.mp3,8_33.png,mp3,008033,008,033,8,_,33
008033_2.mp3,8_33.png,mp3,008033,008,033,8,_,33
008034_1.mp3,8_34.png,mp3,008034,008,034,8,_,34
008034_2.mp3,8_34.png,mp3,008034,008,034,8,_,34
008035_1.mp3,8_35.png,mp3,008035,008,035,8,_,35
008035_2.mp3,8_35.png,mp3,008035,008,035,8,_,35
008036_1.mp3,8_36.png,mp3,008036,008,036,8,_,36
008036_2.mp3,8_36.png,mp3,008036,008,036,8,_,36
008036_3.mp3,8_36.png,mp3,008036,008,036,8,_,36
008037_1.mp3,8_37.png,mp3,008037,008,037,8,_,37
008037_2.mp3,8_37.png,mp3,008037,008,037,8,_,37
008038.mp3,8_38.png,mp3,008038,008,038,8,_,38
008039_1.mp3,8_39.png,mp3,008039,008,039,8,_,39
008039_2.mp3,8_39.png,mp3,008039,008,039,8,_,39
008040_1.mp3,8_40.png,mp3,008040,008,040,8,_,40
008040_2.mp3,8_40.png,mp3,008040,008,040,8,_,40
008041_1.mp3,8_41.png,mp3,008041,008,041,8,_,41
008041_2.mp3,8_41.png,mp3,008041,008,041,8,_,41
008041_3.mp3,8_41.png,mp3,008041,008,041,8,_,41
008041_4.mp3,8_41.png,mp3,008041,008,041,8,_,41
008042_1.mp3,8_42.png,mp3,008042,008,042,8,_,42
008042_2.mp3,8_42.png,mp3,008042,008,042,8,_,42
008042_3.mp3,8_42.png,mp3,008042,008,042,8,_,42
008042_4.mp3,8_42.png,mp3,008042,008,042,8,_,42
008043_1.mp3,8_43.png,mp3,008043,008,043,8,_,43
008043_2.mp3,8_43.png,mp3,008043,008,043,8,_,43
008043_3.mp3,8_43.png,mp3,008043,008,043,8,_,43
008044_1.mp3,8_44.png,mp3,008044,008,044,8,_,44
008044_2.mp3,8_44.png,mp3,008044,008,044,8,_,44
008045.mp3,8_45.png,mp3,008045,008,045,8,_,45
008046_1.mp3,8_46.png,mp3,008046,008,046,8,_,46
008046_2.mp3,8_46.png,mp3,008046,008,046,8,_,46
008047_1.mp3,8_47.png,mp3,008047,008,047,8,_,47
008047_2.mp3,8_47.png,mp3,008047,008,047,8,_,47
008048_1.mp3,8_48.png,mp3,008048,008,048,8,_,48
008048_2.mp3,8_48.png,mp3,008048,008,048,8,_,48
008048_3.mp3,8_48.png,mp3,008048,008,048,8,_,48
008048_4.mp3,8_48.png,mp3,008048,008,048,8,_,48
008049_1.mp3,8_49.png,mp3,008049,008,049,8,_,49
008049_2.mp3,8_49.png,mp3,008049,008,049,8,_,49
008050.mp3,8_50.png,mp3,008050,008,050,8,_,50
008051.mp3,8_51.png,mp3,008051,008,051,8,_,51
008052_1.mp3,8_52.png,mp3,008052,008,052,8,_,52
008052_2.mp3,8_52.png,mp3,008052,008,052,8,_,52
008052_3.mp3,8_52.png,mp3,008052,008,052,8,_,52
008053_1.mp3,8_53.png,mp3,008053,008,053,8,_,53
008053_2.mp3,8_53.png,mp3,008053,008,053,8,_,53
008054_1.mp3,8_54.png,mp3,008054,008,054,8,_,54
008054_2.mp3,8_54.png,mp3,008054,008,054,8,_,54
008054_3.mp3,8_54.png,mp3,008054,008,054,8,_,54
008055.mp3,8_55.png,mp3,008055,008,055,8,_,55
008056.mp3,8_56.png,mp3,008056,008,056,8,_,56
008057.mp3,8_57.png,mp3,008057,008,057,8,_,57
008058_1.mp3,8_58.png,mp3,008058,008,058,8,_,58
008058_2.mp3,8_58.png,mp3,008058,008,058,8,_,58
008059_1.mp3,8_59.png,mp3,008059,008,059,8,_,59
008059_2.mp3,8_59.png,mp3,008059,008,059,8,_,59
008060_1.mp3,8_60.png,mp3,008060,008,060,8,_,60
008060_2.mp3,8_60.png,mp3,008060,008,060,8,_,60
008060_3.mp3,8_60.png,mp3,008060,008,060,8,_,60
008061_1.mp3,8_61.png,mp3,008061,008,061,8,_,61
008061_2.mp3,8_61.png,mp3,008061,008,061,8,_,61
008062_1.mp3,8_62.png,mp3,008062,008,062,8,_,62
008062_2.mp3,8_62.png,mp3,008062,008,062,8,_,62
008063_1.mp3,8_63.png,mp3,008063,008,063,8,_,63
008063_2.mp3,8_63.png,mp3,008063,008,063,8,_,63
008063_3.mp3,8_63.png,mp3,008063,008,063,8,_,63
008064.mp3,8_64.png,mp3,008064,008,064,8,_,64
008065_1.mp3,8_65.png,mp3,008065,008,065,8,_,65
008065_2.mp3,8_65.png,mp3,008065,008,065,8,_,65
008065_3.mp3,8_65.png,mp3,008065,008,065,8,_,65
008066_1.mp3,8_66.png,mp3,008066,008,066,8,_,66
008066_2.mp3,8_66.png,mp3,008066,008,066,8,_,66
008067_1.mp3,8_67.png,mp3,008067,008,067,8,_,67
008067_2.mp3,8_67.png,mp3,008067,008,067,8,_,67
008067_3.mp3,8_67.png,mp3,008067,008,067,8,_,67
008068.mp3,8_68.png,mp3,008068,008,068,8,_,68
008069_1.mp3,8_69.png,mp3,008069,008,069,8,_,69
008069_2.mp3,8_69.png,mp3,008069,008,069,8,_,69
008069_3.mp3,8_69.png,mp3,008069,008,069,8,_,69
008070_1.mp3,8_70.png,mp3,008070,008,070,8,_,70
008070_2.mp3,8_70.png,mp3,008070,008,070,8,_,70
008070_3.mp3,8_70.png,mp3,008070,008,070,8,_,70
008071_1.mp3,8_71.png,mp3,008071,008,071,8,_,71
008071_2.mp3,8_71.png,mp3,008071,008,071,8,_,71
008072_1.mp3,8_72.png,mp3,008072,008,072,8,_,72
008072_2.mp3,8_72.png,mp3,008072,008,072,8,_,72
008072_3.mp3,8_72.png,mp3,008072,008,072,8,_,72
008072_4.mp3,8_72.png,mp3,008072,008,072,8,_,72
008072_5.mp3,8_72.png,mp3,008072,008,072,8,_,72
008073_1.mp3,8_73.png,mp3,008073,008,073,8,_,73
008073_2.mp3,8_73.png,mp3,008073,008,073,8,_,73
008074_1.mp3,8_74.png,mp3,008074,008,074,8,_,74
008074_2.mp3,8_74.png,mp3,008074,008,074,8,_,74
008075_1.mp3,8_75.png,mp3,008075,008,075,8,_,75
008075_2.mp3,8_75.png,mp3,008075,008,075,8,_,75
008075_3.mp3,8_75.png,mp3,008075,008,075,8,_,75
009001.mp3,9_1.png,mp3,009001,009,001,9,_,1
009002.mp3,9_2.png,mp3,009002,009,002,9,_,2
009003_1.mp3,9_3.png,mp3,009003,009,003,9,_,3
009003_2.mp3,9_3.png,mp3,009003,009,003,9,_,3
009003_3.mp3,9_3.png,mp3,009003,009,003,9,_,3
009003_4.mp3,9_3.png,mp3,009003,009,003,9,_,3
009004_1.mp3,9_4.png,mp3,009004,009,004,9,_,4
009004_2.mp3,9_4.png,mp3,009004,009,004,9,_,4
009005_1.mp3,9_5.png,mp3,009005,009,005,9,_,5
009005_2.mp3,9_5.png,mp3,009005,009,005,9,_,5
009005_3.mp3,9_5.png,mp3,009005,009,005,9,_,5
009006_1.mp3,9_6.png,mp3,009006,009,006,9,_,6
009006_2.mp3,9_6.png,mp3,009006,009,006,9,_,6
009007_1.mp3,9_7.png,mp3,009007,009,007,9,_,7
009007_2.mp3,9_7.png,mp3,009007,009,007,9,_,7
009008_1.mp3,9_8.png,mp3,009008,009,008,9,_,8
009008_2.mp3,9_8.png,mp3,009008,009,008,9,_,8
009009_1.mp3,9_9.png,mp3,009009,009,009,9,_,9
009009_2.mp3,9_9.png,mp3,009009,009,009,9,_,9
009010_1.mp3,9_10.png,mp3,009010,009,010,9,_,10
009010_2.mp3,9_10.png,mp3,009010,009,010,9,_,10
009011_1.mp3,9_11.png,mp3,009011,009,011,9,_,11
009011_2.mp3,9_11.png,mp3,009011,009,011,9,_,11
009012_1.mp3,9_12.png,mp3,009012,009,012,9,_,12
009012_2.mp3,9_12.png,mp3,009012,009,012,9,_,12
009013_1.mp3,9_13.png,mp3,009013,009,013,9,_,13
009013_2.mp3,9_13.png,mp3,009013,009,013,9,_,13
009013_3.mp3,9_13.png,mp3,009013,009,013,9,_,13
009014.mp3,9_14.png,mp3,009014,009,014,9,_,14
009015_1.mp3,9_15.png,mp3,009015,009,015,9,_,15
009015_2.mp3,9_15.png,mp3,009015,009,015,9,_,15
009015_3.mp3,9_15.png,mp3,009015,009,015,9,_,15
009016.mp3,9_16.png,mp3,009016,009,016,9,_,16
009017_1.mp3,9_17.png,mp3,009017,009,017,9,_,17
009017_2.mp3,9_17.png,mp3,009017,009,017,9,_,17
009018_1.mp3,9_18.png,mp3,009018,009,018,9,_,18
009018_2.mp3,9_18.png,mp3,009018,009,018,9,_,18
009019_1.mp3,9_19.png,mp3,009019,009,019,9,_,19
009019_2.mp3,9_19.png,mp3,009019,009,019,9,_,19
009019_3.mp3,9_19.png,mp3,009019,009,019,9,_,19
009020_1.mp3,9_20.png,mp3,009020,009,020,9,_,20
009020_2.mp3,9_20.png,mp3,009020,009,020,9,_,20
009021.mp3,9_21.png,mp3,009021,009,021,9,_,21
009022_1.mp3,9_22.png,mp3,009022,009,022,9,_,22
009022_2.mp3,9_22.png,mp3,009022,009,022,9,_,22
009023_1.mp3,9_23.png,mp3,009023,009,023,9,_,23
009023_2.mp3,9_23.png,mp3,009023,009,023,9,_,23
009024_1.mp3,9_24.png,mp3,009024,009,024,9,_,24
009024_2.mp3,9_24.png,mp3,009024,009,024,9,_,24
009024_3.mp3,9_24.png,mp3,009024,009,024,9,_,24
009025_1.mp3,9_25.png,mp3,009025,009,025,9,_,25
009025_2.mp3,9_25.png,mp3,009025,009,025,9,_,25
009026_1.mp3,9_26.png,mp3,009026,009,026,9,_,26
009026_2.mp3,9_26.png,mp3,009026,009,026,9,_,26
009027_1.mp3,9_27.png,mp3,009027,009,027,9,_,27
009027_2.mp3,9_27.png,mp3,009027,009,027,9,_,27
009028_1.mp3,9_28.png,mp3,009028,009,028,9,_,28
009028_2.mp3,9_28.png,mp3,009028,009,028,9,_,28
009028_3.mp3,9_28.png,mp3,009028,009,028,9,_,28
009029_1.mp3,9_29.png,mp3,009029,009,029,9,_,29
009029_2.mp3,9_29.png,mp3,009029,009,029,9,_,29
009030_1.mp3,9_30.png,mp3,009030,009,030,9,_,30
009030_2.mp3,9_30.png,mp3,009030,009,030,9,_,30
009030_3.mp3,9_30.png,mp3,009030,009,030,9,_,30
009030_4.mp3,9_30.png,mp3,009030,009,030,9,_,30
009031_1.mp3,9_31.png,mp3,009031,009,031,9,_,31
009031_2.mp3,9_31.png,mp3,009031,009,031,9,_,31
009032.mp3,9_32.png,mp3,009032,009,032,9,_,32
009033.mp3,9_33.png,mp3,009033,009,033,9,_,33
009034_1.mp3,9_34.png,mp3,009034,009,034,9,_,34
009034_2.mp3,9_34.png,mp3,009034,009,034,9,_,34
009035_1.mp3,9_35.png,mp3,009035,009,035,9,_,35
009035_2.mp3,9_35.png,mp3,009035,009,035,9,_,35
009036_1.mp3,9_36.png,mp3,009036,009,036,9,_,36
009036_2.mp3,9_36.png,mp3,009036,009,036,9,_,36
009036_3.mp3,9_36.png,mp3,009036,009,036,9,_,36
009036_4.mp3,9_36.png,mp3,009036,009,036,9,_,36
009036_5.mp3,9_36.png,mp3,009036,009,036,9,_,36
009037_1.mp3,9_37.png,mp3,009037,009,037,9,_,37
009037_2.mp3,9_37.png,mp3,009037,009,037,9,_,37
009037_3.mp3,9_37.png,mp3,009037,009,037,9,_,37
009037_4.mp3,9_37.png,mp3,009037,009,037,9,_,37
009038_1.mp3,9_38.png,mp3,009038,009,038,9,_,38
009038_2.mp3,9_38.png,mp3,009038,009,038,9,_,38
009038_3.mp3,9_38.png,mp3,009038,009,038,9,_,38
009039_1.mp3,9_39.png,mp3,009039,009,039,9,_,39
009039_2.mp3,9_39.png,mp3,009039,009,039,9,_,39
009040_1.mp3,9_40.png,mp3,009040,009,040,9,_,40
009040_2.mp3,9_40.png,mp3,009040,009,040,9,_,40
009040_3.mp3,9_40.png,mp3,009040,009,040,9,_,40
009041_1.mp3,9_41.png,mp3,009041,009,041,9,_,41
009041_2.mp3,9_41.png,mp3,009041,009,041,9,_,41
009042_1.mp3,9_42.png,mp3,009042,009,042,9,_,42
009042_2.mp3,9_42.png,mp3,009042,009,042,9,_,42
009042_3.mp3,9_42.png,mp3,009042,009,042,9,_,42
009043.mp3,9_43.png,mp3,009043,009,043,9,_,43
009044_1.mp3,9_44.png,mp3,009044,009,044,9,_,44
009044_2.mp3,9_44.png,mp3,009044,009,044,9,_,44
009045.mp3,9_45.png,mp3,009045,009,045,9,_,45
009046.mp3,9_46.png,mp3,009046,009,046,9,_,46
009047_1.mp3,9_47.png,mp3,009047,009,047,9,_,47
009047_2.mp3,9_47.png,mp3,009047,009,047,9,_,47
009048.mp3,9_48.png,mp3,009048,009,048,9,_,48
009049_1.mp3,9_49.png,mp3,009049,009,049,9,_,49
009049_2.mp3,9_49.png,mp3,009049,009,049,9,_,49
009049_3.mp3,9_49.png,mp3,009049,009,049,9,_,49
009050.mp3,9_50.png,mp3,009050,009,050,9,_,50
009051.mp3,9_51.png,mp3,009051,009,051,9,_,51
009052_1.mp3,9_52.png,mp3,009052,009,052,9,_,52
009052_2.mp3,9_52.png,mp3,009052,009,052,9,_,52
009052_3.mp3,9_52.png,mp3,009052,009,052,9,_,52
009053.mp3,9_53.png,mp3,009053,009,053,9,_,53
009054_1.mp3,9_54.png,mp3,009054,009,054,9,_,54
009054_2.mp3,9_54.png,mp3,009054,009,054,9,_,54
009055_1.mp3,9_55.png,mp3,009055,009,055,9,_,55
009055_2.mp3,9_55.png,mp3,009055,009,055,9,_,55
009056.mp3,9_56.png,mp3,009056,009,056,9,_,56
009057.mp3,9_57.png,mp3,009057,009,057,9,_,57
009058.mp3,9_58.png,mp3,009058,009,058,9,_,58
009059_1.mp3,9_59.png,mp3,009059,009,059,9,_,59
009059_2.mp3,9_59.png,mp3,009059,009,059,9,_,59
009060_1.mp3,9_60.png,mp3,009060,009,060,9,_,60
009060_2.mp3,9_60.png,mp3,009060,009,060,9,_,60
009061_1.mp3,9_61.png,mp3,009061,009,061,9,_,61
009061_2.mp3,9_61.png,mp3,009061,009,061,9,_,61
009061_3.mp3,9_61.png,mp3,009061,009,061,9,_,61
009062.mp3,9_62.png,mp3,009062,009,062,9,_,62
009063_1.mp3,9_63.png,mp3,009063,009,063,9,_,63
009063_2.mp3,9_63.png,mp3,009063,009,063,9,_,63
009064_1.mp3,9_64.png,mp3,009064,009,064,9,_,64
009064_2.mp3,9_64.png,mp3,009064,009,064,9,_,64
009065_1.mp3,9_65.png,mp3,009065,009,065,9,_,65
009065_2.mp3,9_65.png,mp3,009065,009,065,9,_,65
009066_1.mp3,9_66.png,mp3,009066,009,066,9,_,66
009066_2.mp3,9_66.png,mp3,009066,009,066,9,_,66
009067_1.mp3,9_67.png,mp3,009067,009,067,9,_,67
009067_2.mp3,9_67.png,mp3,009067,009,067,9,_,67
009067_3.mp3,9_67.png,mp3,009067,009,067,9,_,67
009067_4.mp3,9_67.png,mp3,009067,009,067,9,_,67
009068_1.mp3,9_68.png,mp3,009068,009,068,9,_,68
009068_2.mp3,9_68.png,mp3,009068,009,068,9,_,68
009069_1.mp3,9_69.png,mp3,009069,009,069,9,_,69
009069_2.mp3,9_69.png,mp3,009069,009,069,9,_,69
009069_3.mp3,9_69.png,mp3,009069,009,069,9,_,69
009070_1.mp3,9_70.png,mp3,009070,009,070,9,_,70
009070_2.mp3,9_70.png,mp3,009070,009,070,9,_,70
009071_1.mp3,9_71.png,mp3,009071,009,071,9,_,71
009071_2.mp3,9_71.png,mp3,009071,009,071,9,_,71
009071_3.mp3,9_71.png,mp3,009071,009,071,9,_,71
009071_4.mp3,9_71.png,mp3,009071,009,071,9,_,71
009072_1.mp3,9_72.png,mp3,009072,009,072,9,_,72
009072_2.mp3,9_72.png,mp3,009072,009,072,9,_,72
009072_3.mp3,9_72.png,mp3,009072,009,072,9,_,72
009073_1.mp3,9_73.png,mp3,009073,009,073,9,_,73
009073_2.mp3,9_73.png,mp3,009073,009,073,9,_,73
009074_1.mp3,9_74.png,mp3,009074,009,074,9,_,74
009074_2.mp3,9_74.png,mp3,009074,009,074,9,_,74
009074_3.mp3,9_74.png,mp3,009074,009,074,9,_,74
009074_4.mp3,9_74.png,mp3,009074,009,074,9,_,74
009075.mp3,9_75.png,mp3,009075,009,075,9,_,75
009076.mp3,9_76.png,mp3,009076,009,076,9,_,76
009077.mp3,9_77.png,mp3,009077,009,077,9,_,77
009078.mp3,9_78.png,mp3,009078,009,078,9,_,78
009079.mp3,9_79.png,mp3,009079,009,079,9,_,79
009080_1.mp3,9_80.png,mp3,009080,009,080,9,_,80
009080_2.mp3,9_80.png,mp3,009080,009,080,9,_,80
009081_1.mp3,9_81.png,mp3,009081,009,081,9,_,81
009081_2.mp3,9_81.png,mp3,009081,009,081,9,_,81
009081_3.mp3,9_81.png,mp3,009081,009,081,9,_,81
009081_4.mp3,9_81.png,mp3,009081,009,081,9,_,81
009082.mp3,9_82.png,mp3,009082,009,082,9,_,82
009083_1.mp3,9_83.png,mp3,009083,009,083,9,_,83
009083_2.mp3,9_83.png,mp3,009083,009,083,9,_,83
009084_1.mp3,9_84.png,mp3,009084,009,084,9,_,84
009084_2.mp3,9_84.png,mp3,009084,009,084,9,_,84
009085_1.mp3,9_85.png,mp3,009085,009,085,9,_,85
009085_2.mp3,9_85.png,mp3,009085,009,085,9,_,85
009086.mp3,9_86.png,mp3,009086,009,086,9,_,86
009087.mp3,9_87.png,mp3,009087,009,087,9,_,87
009088_1.mp3,9_88.png,mp3,009088,009,088,9,_,88
009088_2.mp3,9_88.png,mp3,009088,009,088,9,_,88
009089_1.mp3,9_89.png,mp3,009089,009,089,9,_,89
009089_2.mp3,9_89.png,mp3,009089,009,089,9,_,89
009090_1.mp3,9_90.png,mp3,009090,009,090,9,_,90
009090_2.mp3,9_90.png,mp3,009090,009,090,9,_,90
009091_1.mp3,9_91.png,mp3,009091,009,091,9,_,91
009091_2.mp3,9_91.png,mp3,009091,009,091,9,_,91
009092_1.mp3,9_92.png,mp3,009092,009,092,9,_,92
009092_2.mp3,9_92.png,mp3,009092,009,092,9,_,92
009093.mp3,9_93.png,mp3,009093,009,093,9,_,93
009094_1.mp3,9_94.png,mp3,009094,009,094,9,_,94
009094_2.mp3,9_94.png,mp3,009094,009,094,9,_,94
009095_1.mp3,9_95.png,mp3,009095,009,095,9,_,95
009095_2.mp3,9_95.png,mp3,009095,009,095,9,_,95
009096.mp3,9_96.png,mp3,009096,009,096,9,_,96
009097_1.mp3,9_97.png,mp3,009097,009,097,9,_,97
009097_2.mp3,9_97.png,mp3,009097,009,097,9,_,97
009098_1.mp3,9_98.png,mp3,009098,009,098,9,_,98
009098_2.mp3,9_98.png,mp3,009098,009,098,9,_,98
009098_3.mp3,9_98.png,mp3,009098,009,098,9,_,98
009099_1.mp3,9_99.png,mp3,009099,009,099,9,_,99
009099_2.mp3,9_99.png,mp3,009099,009,099,9,_,99
009099_3.mp3,9_99.png,mp3,009099,009,099,9,_,99
009099_4.mp3,9_99.png,mp3,009099,009,099,9,_,99
009100_1.mp3,9_100.png,mp3,009100,009,100,9,_,100
009100_2.mp3,9_100.png,mp3,009100,009,100,9,_,100
009100_3.mp3,9_100.png,mp3,009100,009,100,9,_,100
009101_1.mp3,9_101.png,mp3,009101,009,101,9,_,101
009101_2.mp3,9_101.png,mp3,009101,009,101,9,_,101
009102_1.mp3,9_102.png,mp3,009102,009,102,9,_,102
009102_2.mp3,9_102.png,mp3,009102,009,102,9,_,102
009103_1.mp3,9_103.png,mp3,009103,009,103,9,_,103
009103_2.mp3,9_103.png,mp3,009103,009,103,9,_,103
009104.mp3,9_104.png,mp3,009104,009,104,9,_,104
009105_1.mp3,9_105.png,mp3,009105,009,105,9,_,105
009105_2.mp3,9_105.png,mp3,009105,009,105,9,_,105
009106_1.mp3,9_106.png,mp3,009106,009,106,9,_,106
009106_2.mp3,9_106.png,mp3,009106,009,106,9,_,106
009107_1.mp3,9_107.png,mp3,009107,009,107,9,_,107
009107_2.mp3,9_107.png,mp3,009107,009,107,9,_,107
009108_1.mp3,9_108.png,mp3,009108,009,108,9,_,108
009108_2.mp3,9_108.png,mp3,009108,009,108,9,_,108
009109_1.mp3,9_109.png,mp3,009109,009,109,9,_,109
009109_2.mp3,9_109.png,mp3,009109,009,109,9,_,109
009110_1.mp3,9_110.png,mp3,009110,009,110,9,_,110
009110_2.mp3,9_110.png,mp3,009110,009,110,9,_,110
009111_1.mp3,9_111.png,mp3,009111,009,111,9,_,111
009111_2.mp3,9_111.png,mp3,009111,009,111,9,_,111
009111_3.mp3,9_111.png,mp3,009111,009,111,9,_,111
009111_4.mp3,9_111.png,mp3,009111,009,111,9,_,111
009112_1.mp3,9_112.png,mp3,009112,009,112,9,_,112
009112_2.mp3,9_112.png,mp3,009112,009,112,9,_,112
009112_3.mp3,9_112.png,mp3,009112,009,112,9,_,112
009113.mp3,9_113.png,mp3,009113,009,113,9,_,113
009114_1.mp3,9_114.png,mp3,009114,009,114,9,_,114
009114_2.mp3,9_114.png,mp3,009114,009,114,9,_,114
009115_1.mp3,9_115.png,mp3,009115,009,115,9,_,115
009115_2.mp3,9_115.png,mp3,009115,009,115,9,_,115
009116_1.mp3,9_116.png,mp3,009116,009,116,9,_,116
009116_2.mp3,9_116.png,mp3,009116,009,116,9,_,116
009117_1.mp3,9_117.png,mp3,009117,009,117,9,_,117
009117_2.mp3,9_117.png,mp3,009117,009,117,9,_,117
009118_1.mp3,9_118.png,mp3,009118,009,118,9,_,118
009118_2.mp3,9_118.png,mp3,009118,009,118,9,_,118
009118_3.mp3,9_118.png,mp3,009118,009,118,9,_,118
009119.mp3,9_119.png,mp3,009119,009,119,9,_,119
009120_1.mp3,9_120.png,mp3,009120,009,120,9,_,120
009120_2.mp3,9_120.png,mp3,009120,009,120,9,_,120
009120_3.mp3,9_120.png,mp3,009120,009,120,9,_,120
009120_4.mp3,9_120.png,mp3,009120,009,120,9,_,120
009121.mp3,9_121.png,mp3,009121,009,121,9,_,121
009122_1.mp3,9_122.png,mp3,009122,009,122,9,_,122
009122_2.mp3,9_122.png,mp3,009122,009,122,9,_,122
009123_1.mp3,9_123.png,mp3,009123,009,123,9,_,123
009123_2.mp3,9_123.png,mp3,009123,009,123,9,_,123
009124_1.mp3,9_124.png,mp3,009124,009,124,9,_,124
009124_2.mp3,9_124.png,mp3,009124,009,124,9,_,124
009125.mp3,9_125.png,mp3,009125,009,125,9,_,125
009126.mp3,9_126.png,mp3,009126,009,126,9,_,126
009127_1.mp3,9_127.png,mp3,009127,009,127,9,_,127
009127_2.mp3,9_127.png,mp3,009127,009,127,9,_,127
009128.mp3,9_128.png,mp3,009128,009,128,9,_,128
009129_1.mp3,9_129.png,mp3,009129,009,129,9,_,129
009129_2.mp3,9_129.png,mp3,009129,009,129,9,_,129
010001_1.mp3,10_1.png,mp3,010001,010,001,10,_,1
010001_2.mp3,10_1.png,mp3,010001,010,001,10,_,1
010001_3.mp3,10_1.png,mp3,010001,010,001,10,_,1
010002_1.mp3,10_2.png,mp3,010002,010,002,10,_,2
010002_2.mp3,10_2.png,mp3,010002,010,002,10,_,2
010002_3.mp3,10_2.png,mp3,010002,010,002,10,_,2
010003_1.mp3,10_3.png,mp3,010003,010,003,10,_,3
010003_2.mp3,10_3.png,mp3,010003,010,003,10,_,3
010003_3.mp3,10_3.png,mp3,010003,010,003,10,_,3
010003_4.mp3,10_3.png,mp3,010003,010,003,10,_,3
010004_1.mp3,10_4.png,mp3,010004,010,004,10,_,4
010004_2.mp3,10_4.png,mp3,010004,010,004,10,_,4
010004_3.mp3,10_4.png,mp3,010004,010,004,10,_,4
010005_1.mp3,10_5.png,mp3,010005,010,005,10,_,5
010005_2.mp3,10_5.png,mp3,010005,010,005,10,_,5
010005_3.mp3,10_5.png,mp3,010005,010,005,10,_,5
010006.mp3,10_6.png,mp3,010006,010,006,10,_,6
010007.mp3,10_7.png,mp3,010007,010,007,10,_,7
010008.mp3,10_8.png,mp3,010008,010,008,10,_,8
010009.mp3,10_9.png,mp3,010009,010,009,10,_,9
010010_1.mp3,10_10.png,mp3,010010,010,010,10,_,10
010010_2.mp3,10_10.png,mp3,010010,010,010,10,_,10
010011_1.mp3,10_11.png,mp3,010011,010,011,10,_,11
010011_2.mp3,10_11.png,mp3,010011,010,011,10,_,11
010012_1.mp3,10_12.png,mp3,010012,010,012,10,_,12
010012_2.mp3,10_12.png,mp3,010012,010,012,10,_,12
010012_3.mp3,10_12.png,mp3,010012,010,012,10,_,12
010013_1.mp3,10_13.png,mp3,010013,010,013,10,_,13
010013_2.mp3,10_13.png,mp3,010013,010,013,10,_,13
010014.mp3,10_14.png,mp3,010014,010,014,10,_,14
010015_1.mp3,10_15.png,mp3,010015,010,015,10,_,15
010015_2.mp3,10_15.png,mp3,010015,010,015,10,_,15
010015_3.mp3,10_15.png,mp3,010015,010,015,10,_,15
010015_4.mp3,10_15.png,mp3,010015,010,015,10,_,15
010016_1.mp3,10_16.png,mp3,010016,010,016,10,_,16
010016_2.mp3,10_16.png,mp3,010016,010,016,10,_,16
010017_1.mp3,10_17.png,mp3,010017,010,017,10,_,17
010017_2.mp3,10_17.png,mp3,010017,010,017,10,_,17
010018_1.mp3,10_18.png,mp3,010018,010,018,10,_,18
010018_2.mp3,10_18.png,mp3,010018,010,018,10,_,18
010018_3.mp3,10_18.png,mp3,010018,010,018,10,_,18
010019_1.mp3,10_19.png,mp3,010019,010,019,10,_,19
010019_2.mp3,10_19.png,mp3,010019,010,019,10,_,19
010020_1.mp3,10_20.png,mp3,010020,010,020,10,_,20
010020_2.mp3,10_20.png,mp3,010020,010,020,10,_,20
010021_1.mp3,10_21.png,mp3,010021,010,021,10,_,21
010021_2.mp3,10_21.png,mp3,010021,010,021,10,_,21
010022_1.mp3,10_22.png,mp3,010022,010,022,10,_,22
010022_2.mp3,10_22.png,mp3,010022,010,022,10,_,22
010022_3.mp3,10_22.png,mp3,010022,010,022,10,_,22
010022_4.mp3,10_22.png,mp3,010022,010,022,10,_,22
010022_5.mp3,10_22.png,mp3,010022,010,022,10,_,22
010023_1.mp3,10_23.png,mp3,010023,010,023,10,_,23
010023_2.mp3,10_23.png,mp3,010023,010,023,10,_,23
010023_3.mp3,10_23.png,mp3,010023,010,023,10,_,23
010024_1.mp3,10_24.png,mp3,010024,010,024,10,_,24
010024_2.mp3,10_24.png,mp3,010024,010,024,10,_,24
010024_3.mp3,10_24.png,mp3,010024,010,024,10,_,24
010024_4.mp3,10_24.png,mp3,010024,010,024,10,_,24
010024_5.mp3,10_24.png,mp3,010024,010,024,10,_,24
010025.mp3,10_25.png,mp3,010025,010,025,10,_,25
010026_1.mp3,10_26.png,mp3,010026,010,026,10,_,26
010026_2.mp3,10_26.png,mp3,010026,010,026,10,_,26
010026_3.mp3,10_26.png,mp3,010026,010,026,10,_,26
010027_1.mp3,10_27.png,mp3,010027,010,027,10,_,27
010027_2.mp3,10_27.png,mp3,010027,010,027,10,_,27
010027_3.mp3,10_27.png,mp3,010027,010,027,10,_,27
010028_1.mp3,10_28.png,mp3,010028,010,028,10,_,28
010028_2.mp3,10_28.png,mp3,010028,010,028,10,_,28
010029.mp3,10_29.png,mp3,010029,010,029,10,_,29
010030_1.mp3,10_30.png,mp3,010030,010,030,10,_,30
010030_2.mp3,10_30.png,mp3,010030,010,030,10,_,30
010030_3.mp3,10_30.png,mp3,010030,010,030,10,_,30
010031_1.mp3,10_31.png,mp3,010031,010,031,10,_,31
010031_2.mp3,10_31.png,mp3,010031,010,031,10,_,31
010031_3.mp3,10_31.png,mp3,010031,010,031,10,_,31
010032_1.mp3,10_32.png,mp3,010032,010,032,10,_,32
010032_2.mp3,10_32.png,mp3,010032,010,032,10,_,32
010032_3.mp3,10_32.png,mp3,010032,010,032,10,_,32
010033.mp3,10_33.png,mp3,010033,010,033,10,_,33
010034_1.mp3,10_34.png,mp3,010034,010,034,10,_,34
010034_2.mp3,10_34.png,mp3,010034,010,034,10,_,34
010034_3.mp3,10_34.png,mp3,010034,010,034,10,_,34
010035_1.mp3,10_35.png,mp3,010035,010,035,10,_,35
010035_2.mp3,10_35.png,mp3,010035,010,035,10,_,35
010035_3.mp3,10_35.png,mp3,010035,010,035,10,_,35
010035_4.mp3,10_35.png,mp3,010035,010,035,10,_,35
010036_1.mp3,10_36.png,mp3,010036,010,036,10,_,36
010036_2.mp3,10_36.png,mp3,010036,010,036,10,_,36
010037_1.mp3,10_37.png,mp3,010037,010,037,10,_,37
010037_2.mp3,10_37.png,mp3,010037,010,037,10,_,37
010038_1.mp3,10_38.png,mp3,010038,010,038,10,_,38
010038_2.mp3,10_38.png,mp3,010038,010,038,10,_,38
010039_1.mp3,10_39.png,mp3,010039,010,039,10,_,39
010039_2.mp3,10_39.png,mp3,010039,010,039,10,_,39
010040_1.mp3,10_40.png,mp3,010040,010,040,10,_,40
010040_2.mp3,10_40.png,mp3,010040,010,040,10,_,40
010041.mp3,10_41.png,mp3,010041,010,041,10,_,41
010042_1.mp3,10_42.png,mp3,010042,010,042,10,_,42
010042_2.mp3,10_42.png,mp3,010042,010,042,10,_,42
010043_1.mp3,10_43.png,mp3,010043,010,043,10,_,43
010043_2.mp3,10_43.png,mp3,010043,010,043,10,_,43
010044.mp3,10_44.png,mp3,010044,010,044,10,_,44
010045_1.mp3,10_45.png,mp3,010045,010,045,10,_,45
010045_2.mp3,10_45.png,mp3,010045,010,045,10,_,45
010046.mp3,10_46.png,mp3,010046,010,046,10,_,46
010047_1.mp3,10_47.png,mp3,010047,010,047,10,_,47
010047_2.mp3,10_47.png,mp3,010047,010,047,10,_,47
010048.mp3,10_48.png,mp3,010048,010,048,10,_,48
010049_1.mp3,10_49.png,mp3,010049,010,049,10,_,49
010049_2.mp3,10_49.png,mp3,010049,010,049,10,_,49
010050.mp3,10_50.png,mp3,010050,010,050,10,_,50
010051_1.mp3,10_51.png,mp3,010051,010,051,10,_,51
010051_2.mp3,10_51.png,mp3,010051,010,051,10,_,51
010052.mp3,10_52.png,mp3,010052,010,052,10,_,52
010053_1.mp3,10_53.png,mp3,010053,010,053,10,_,53
010053_2.mp3,10_53.png,mp3,010053,010,053,10,_,53
010054_1.mp3,10_54.png,mp3,010054,010,054,10,_,54
010054_2.mp3,10_54.png,mp3,010054,010,054,10,_,54
010055_1.mp3,10_55.png,mp3,010055,010,055,10,_,55
010055_2.mp3,10_55.png,mp3,010055,010,055,10,_,55
010056.mp3,10_56.png,mp3,010056,010,056,10,_,56
010057.mp3,10_57.png,mp3,010057,010,057,10,_,57
010058.mp3,10_58.png,mp3,010058,010,058,10,_,58
010059_1.mp3,10_59.png,mp3,010059,010,059,10,_,59
010059_2.mp3,10_59.png,mp3,010059,010,059,10,_,59
010060_1.mp3,10_60.png,mp3,010060,010,060,10,_,60
010060_2.mp3,10_60.png,mp3,010060,010,060,10,_,60
010061_1.mp3,10_61.png,mp3,010061,010,061,10,_,61
010061_2.mp3,10_61.png,mp3,010061,010,061,10,_,61
010061_3.mp3,10_61.png,mp3,010061,010,061,10,_,61
010061_4.mp3,10_61.png,mp3,010061,010,061,10,_,61
010062.mp3,10_62.png,mp3,010062,010,062,10,_,62
010063.mp3,10_63.png,mp3,010063,010,063,10,_,63
010064_1.mp3,10_64.png,mp3,010064,010,064,10,_,64
010064_2.mp3,10_64.png,mp3,010064,010,064,10,_,64
010065.mp3,10_65.png,mp3,010065,010,065,10,_,65
010066_1.mp3,10_66.png,mp3,010066,010,066,10,_,66
010066_2.mp3,10_66.png,mp3,010066,010,066,10,_,66
010066_3.mp3,10_66.png,mp3,010066,010,066,10,_,66
010067_1.mp3,10_67.png,mp3,010067,010,067,10,_,67
010067_2.mp3,10_67.png,mp3,010067,010,067,10,_,67
010068_1.mp3,10_68.png,mp3,010068,010,068,10,_,68
010068_2.mp3,10_68.png,mp3,010068,010,068,10,_,68
010069.mp3,10_69.png,mp3,010069,010,069,10,_,69
010070.mp3,10_70.png,mp3,010070,010,070,10,_,70
010071_1.mp3,10_71.png,mp3,010071,010,071,10,_,71
010071_2.mp3,10_71.png,mp3,010071,010,071,10,_,71
010071_3.mp3,10_71.png,mp3,010071,010,071,10,_,71
010072_1.mp3,10_72.png,mp3,010072,010,072,10,_,72
010072_2.mp3,10_72.png,mp3,010072,010,072,10,_,72
010073_1.mp3,10_73.png,mp3,010073,010,073,10,_,73
010073_2.mp3,10_73.png,mp3,010073,010,073,10,_,73
010074_1.mp3,10_74.png,mp3,010074,010,074,10,_,74
010074_2.mp3,10_74.png,mp3,010074,010,074,10,_,74
010075.mp3,10_75.png,mp3,010075,010,075,10,_,75
010076.mp3,10_76.png,mp3,010076,010,076,10,_,76
010077.mp3,10_77.png,mp3,010077,010,077,10,_,77
010078.mp3,10_78.png,mp3,010078,010,078,10,_,78
010079.mp3,10_79.png,mp3,010079,010,079,10,_,79
010080.mp3,10_80.png,mp3,010080,010,080,10,_,80
010081_1.mp3,10_81.png,mp3,010081,010,081,10,_,81
010081_2.mp3,10_81.png,mp3,010081,010,081,10,_,81
010082.mp3,10_82.png,mp3,010082,010,082,10,_,82
010083_1.mp3,10_83.png,mp3,010083,010,083,10,_,83
010083_2.mp3,10_83.png,mp3,010083,010,083,10,_,83
010084.mp3,10_84.png,mp3,010084,010,084,10,_,84
010085.mp3,10_85.png,mp3,010085,010,085,10,_,85
010086.mp3,10_86.png,mp3,010086,010,086,10,_,86
010087_1.mp3,10_87.png,mp3,010087,010,087,10,_,87
010087_2.mp3,10_87.png,mp3,010087,010,087,10,_,87
010088_1.mp3,10_88.png,mp3,010088,010,088,10,_,88
010088_2.mp3,10_88.png,mp3,010088,010,088,10,_,88
010088_3.mp3,10_88.png,mp3,010088,010,088,10,_,88
010089.mp3,10_89.png,mp3,010089,010,089,10,_,89
010090_1.mp3,10_90.png,mp3,010090,010,090,10,_,90
010090_2.mp3,10_90.png,mp3,010090,010,090,10,_,90
010090_3.mp3,10_90.png,mp3,010090,010,090,10,_,90
010091.mp3,10_91.png,mp3,010091,010,091,10,_,91
010092_1.mp3,10_92.png,mp3,010092,010,092,10,_,92
010092_2.mp3,10_92.png,mp3,010092,010,092,10,_,92
010093_1.mp3,10_93.png,mp3,010093,010,093,10,_,93
010093_2.mp3,10_93.png,mp3,010093,010,093,10,_,93
010094_1.mp3,10_94.png,mp3,010094,010,094,10,_,94
010094_2.mp3,10_94.png,mp3,010094,010,094,10,_,94
010095.mp3,10_95.png,mp3,010095,010,095,10,_,95
010096.mp3,10_96.png,mp3,010096,010,096,10,_,96
010097.mp3,10_97.png,mp3,010097,010,097,10,_,97
010098_1.mp3,10_98.png,mp3,010098,010,098,10,_,98
010098_2.mp3,10_98.png,mp3,010098,010,098,10,_,98
010099_1.mp3,10_99.png,mp3,010099,010,099,10,_,99
010099_2.mp3,10_99.png,mp3,010099,010,099,10,_,99
010100.mp3,10_100.png,mp3,010100,010,100,10,_,100
010101_1.mp3,10_101.png,mp3,010101,010,101,10,_,101
010101_2.mp3,10_101.png,mp3,010101,010,101,10,_,101
010102_1.mp3,10_102.png,mp3,010102,010,102,10,_,102
010102_2.mp3,10_102.png,mp3,010102,010,102,10,_,102
010103.mp3,10_103.png,mp3,010103,010,103,10,_,103
010104_1.mp3,10_104.png,mp3,010104,010,104,10,_,104
010104_2.mp3,10_104.png,mp3,010104,010,104,10,_,104
010105.mp3,10_105.png,mp3,010105,010,105,10,_,105
010106.mp3,10_106.png,mp3,010106,010,106,10,_,106
010107_1.mp3,10_107.png,mp3,010107,010,107,10,_,107
010107_2.mp3,10_107.png,mp3,010107,010,107,10,_,107
010108_1.mp3,10_108.png,mp3,010108,010,108,10,_,108
010108_2.mp3,10_108.png,mp3,010108,010,108,10,_,108
010108_3.mp3,10_108.png,mp3,010108,010,108,10,_,108
010108_4.mp3,10_108.png,mp3,010108,010,108,10,_,108
010109.mp3,10_109.png,mp3,010109,010,109,10,_,109
011001_1.mp3,11_1.png,mp3,011001,011,001,11,_,1
011001_2.mp3,11_1.png,mp3,011001,011,001,11,_,1
011001_3.mp3,11_1.png,mp3,011001,011,001,11,_,1
011002.mp3,11_2.png,mp3,011002,011,002,11,_,2
011003_1.mp3,11_3.png,mp3,011003,011,003,11,_,3
011003_2.mp3,11_3.png,mp3,011003,011,003,11,_,3
011003_3.mp3,11_3.png,mp3,011003,011,003,11,_,3
011004.mp3,11_4.png,mp3,011004,011,004,11,_,4
011005_1.mp3,11_5.png,mp3,011005,011,005,11,_,5
011005_2.mp3,11_5.png,mp3,011005,011,005,11,_,5
011005_3.mp3,11_5.png,mp3,011005,011,005,11,_,5
011006_1.mp3,11_6.png,mp3,011006,011,006,11,_,6
011006_2.mp3,11_6.png,mp3,011006,011,006,11,_,6
011007_1.mp3,11_7.png,mp3,011007,011,007,11,_,7
011007_2.mp3,11_7.png,mp3,011007,011,007,11,_,7
011008_1.mp3,11_8.png,mp3,011008,011,008,11,_,8
011008_2.mp3,11_8.png,mp3,011008,011,008,11,_,8
011009.mp3,11_9.png,mp3,011009,011,009,11,_,9
011010_1.mp3,11_10.png,mp3,011010,011,010,11,_,10
011010_2.mp3,11_10.png,mp3,011010,011,010,11,_,10
011011.mp3,11_11.png,mp3,011011,011,011,11,_,11
011012_1.mp3,11_12.png,mp3,011012,011,012,11,_,12
011012_2.mp3,11_12.png,mp3,011012,011,012,11,_,12
011012_3.mp3,11_12.png,mp3,011012,011,012,11,_,12
011012_4.mp3,11_12.png,mp3,011012,011,012,11,_,12
011013.mp3,11_13.png,mp3,011013,011,013,11,_,13
011014_1.mp3,11_14.png,mp3,011014,011,014,11,_,14
011014_2.mp3,11_14.png,mp3,011014,011,014,11,_,14
011014_3.mp3,11_14.png,mp3,011014,011,014,11,_,14
011015.mp3,11_15.png,mp3,011015,011,015,11,_,15
011016.mp3,11_16.png,mp3,011016,011,016,11,_,16
011017_1.mp3,11_17.png,mp3,011017,011,017,11,_,17
011017_2.mp3,11_17.png,mp3,011017,011,017,11,_,17
011017_3.mp3,11_17.png,mp3,011017,011,017,11,_,17
011017_4.mp3,11_17.png,mp3,011017,011,017,11,_,17
011017_5.mp3,11_17.png,mp3,011017,011,017,11,_,17
011018_1.mp3,11_18.png,mp3,011018,011,018,11,_,18
011018_2.mp3,11_18.png,mp3,011018,011,018,11,_,18
011019.mp3,11_19.png,mp3,011019,011,019,11,_,19
011020_1.mp3,11_20.png,mp3,011020,011,020,11,_,20
011020_2.mp3,11_20.png,mp3,011020,011,020,11,_,20
011020_3.mp3,11_20.png,mp3,011020,011,020,11,_,20
011021.mp3,11_21.png,mp3,011021,011,021,11,_,21
011022.mp3,11_22.png,mp3,011022,011,022,11,_,22
011023_1.mp3,11_23.png,mp3,011023,011,023,11,_,23
011023_2.mp3,11_23.png,mp3,011023,011,023,11,_,23
011024_1.mp3,11_24.png,mp3,011024,011,024,11,_,24
011024_2.mp3,11_24.png,mp3,011024,011,024,11,_,24
011024_3.mp3,11_24.png,mp3,011024,011,024,11,_,24
011025.mp3,11_25.png,mp3,011025,011,025,11,_,25
011026_1.mp3,11_26.png,mp3,011026,011,026,11,_,26
011026_2.mp3,11_26.png,mp3,011026,011,026,11,_,26
011027_1.mp3,11_27.png,mp3,011027,011,027,11,_,27
011027_2.mp3,11_27.png,mp3,011027,011,027,11,_,27
011028_1.mp3,11_28.png,mp3,011028,011,028,11,_,28
011028_2.mp3,11_28.png,mp3,011028,011,028,11,_,28
011029_1.mp3,11_29.png,mp3,011029,011,029,11,_,29
011029_2.mp3,11_29.png,mp3,011029,011,029,11,_,29
011029_3.mp3,11_29.png,mp3,011029,011,029,11,_,29
011030_1.mp3,11_30.png,mp3,011030,011,030,11,_,30
011030_2.mp3,11_30.png,mp3,011030,011,030,11,_,30
011031_1.mp3,11_31.png,mp3,011031,011,031,11,_,31
011031_2.mp3,11_31.png,mp3,011031,011,031,11,_,31
011031_3.mp3,11_31.png,mp3,011031,011,031,11,_,31
011031_4.mp3,11_31.png,mp3,011031,011,031,11,_,31
011032.mp3,11_32.png,mp3,011032,011,032,11,_,32
011033.mp3,11_33.png,mp3,011033,011,033,11,_,33
011034_1.mp3,11_34.png,mp3,011034,011,034,11,_,34
011034_2.mp3,11_34.png,mp3,011034,011,034,11,_,34
011035.mp3,11_35.png,mp3,011035,011,035,11,_,35
011036.mp3,11_36.png,mp3,011036,011,036,11,_,36
011037_1.mp3,11_37.png,mp3,011037,011,037,11,_,37
011037_2.mp3,11_37.png,mp3,011037,011,037,11,_,37
011038_1.mp3,11_38.png,mp3,011038,011,038,11,_,38
011038_2.mp3,11_38.png,mp3,011038,011,038,11,_,38
011039.mp3,11_39.png,mp3,011039,011,039,11,_,39
011040_1.mp3,11_40.png,mp3,011040,011,040,11,_,40
011040_2.mp3,11_40.png,mp3,011040,011,040,11,_,40
011040_3.mp3,11_40.png,mp3,011040,011,040,11,_,40
011041_1.mp3,11_41.png,mp3,011041,011,041,11,_,41
011041_2.mp3,11_41.png,mp3,011041,011,041,11,_,41
011042_1.mp3,11_42.png,mp3,011042,011,042,11,_,42
011042_2.mp3,11_42.png,mp3,011042,011,042,11,_,42
011043_1.mp3,11_43.png,mp3,011043,011,043,11,_,43
011043_2.mp3,11_43.png,mp3,011043,011,043,11,_,43
011044_1.mp3,11_44.png,mp3,011044,011,044,11,_,44
011044_2.mp3,11_44.png,mp3,011044,011,044,11,_,44
011045.mp3,11_45.png,mp3,011045,011,045,11,_,45
011046_1.mp3,11_46.png,mp3,011046,011,046,11,_,46
011046_2.mp3,11_46.png,mp3,011046,011,046,11,_,46
011047_1.mp3,11_47.png,mp3,011047,011,047,11,_,47
011047_2.mp3,11_47.png,mp3,011047,011,047,11,_,47
011048.mp3,11_48.png,mp3,011048,011,048,11,_,48
011049_1.mp3,11_49.png,mp3,011049,011,049,11,_,49
011049_2.mp3,11_49.png,mp3,011049,011,049,11,_,49
011050.mp3,11_50.png,mp3,011050,011,050,11,_,50
011051_1.mp3,11_51.png,mp3,011051,011,051,11,_,51
011051_2.mp3,11_51.png,mp3,011051,011,051,11,_,51
011052_1.mp3,11_52.png,mp3,011052,011,052,11,_,52
011052_2.mp3,11_52.png,mp3,011052,011,052,11,_,52
011053.mp3,11_53.png,mp3,011053,011,053,11,_,53
011054_1.mp3,11_54.png,mp3,011054,011,054,11,_,54
011054_2.mp3,11_54.png,mp3,011054,011,054,11,_,54
011055.mp3,11_55.png,mp3,011055,011,055,11,_,55
011056_1.mp3,11_56.png,mp3,011056,011,056,11,_,56
011056_2.mp3,11_56.png,mp3,011056,011,056,11,_,56
011056_3.mp3,11_56.png,mp3,011056,011,056,11,_,56
011057_1.mp3,11_57.png,mp3,011057,011,057,11,_,57
011057_2.mp3,11_57.png,mp3,011057,011,057,11,_,57
011058.mp3,11_58.png,mp3,011058,011,058,11,_,58
011059_1.mp3,11_59.png,mp3,011059,011,059,11,_,59
011059_2.mp3,11_59.png,mp3,011059,011,059,11,_,59
011060_1.mp3,11_60.png,mp3,011060,011,060,11,_,60
011060_2.mp3,11_60.png,mp3,011060,011,060,11,_,60
011061_1.mp3,11_61.png,mp3,011061,011,061,11,_,61
011061_2.mp3,11_61.png,mp3,011061,011,061,11,_,61
011061_3.mp3,11_61.png,mp3,011061,011,061,11,_,61
011062_1.mp3,11_62.png,mp3,011062,011,062,11,_,62
011062_2.mp3,11_62.png,mp3,011062,011,062,11,_,62
011063_1.mp3,11_63.png,mp3,011063,011,063,11,_,63
011063_2.mp3,11_63.png,mp3,011063,011,063,11,_,63
011063_3.mp3,11_63.png,mp3,011063,011,063,11,_,63
011064_1.mp3,11_64.png,mp3,011064,011,064,11,_,64
011064_2.mp3,11_64.png,mp3,011064,011,064,11,_,64
011065.mp3,11_65.png,mp3,011065,011,065,11,_,65
011066_1.mp3,11_66.png,mp3,011066,011,066,11,_,66
011066_2.mp3,11_66.png,mp3,011066,011,066,11,_,66
011067.mp3,11_67.png,mp3,011067,011,067,11,_,67
011068.mp3,11_68.png,mp3,011068,011,068,11,_,68
011069_1.mp3,11_69.png,mp3,011069,011,069,11,_,69
011069_2.mp3,11_69.png,mp3,011069,011,069,11,_,69
011070_1.mp3,11_70.png,mp3,011070,011,070,11,_,70
011070_2.mp3,11_70.png,mp3,011070,011,070,11,_,70
011071.mp3,11_71.png,mp3,011071,011,071,11,_,71
011072.mp3,11_72.png,mp3,011072,011,072,11,_,72
011073_1.mp3,11_73.png,mp3,011073,011,073,11,_,73
011073_2.mp3,11_73.png,mp3,011073,011,073,11,_,73
011074.mp3,11_74.png,mp3,011074,011,074,11,_,74
011075.mp3,11_75.png,mp3,011075,011,075,11,_,75
011076.mp3,11_76.png,mp3,011076,011,076,11,_,76
011077.mp3,11_77.png,mp3,011077,011,077,11,_,77
011078_1.mp3,11_78.png,mp3,011078,011,078,11,_,78
011078_2.mp3,11_78.png,mp3,011078,011,078,11,_,78
011078_3.mp3,11_78.png,mp3,011078,011,078,11,_,78
011079.mp3,11_79.png,mp3,011079,011,079,11,_,79
011080.mp3,11_80.png,mp3,011080,011,080,11,_,80
011081_1.mp3,11_81.png,mp3,011081,011,081,11,_,81
011081_2.mp3,11_81.png,mp3,011081,011,081,11,_,81
011081_3.mp3,11_81.png,mp3,011081,011,081,11,_,81
011081_4.mp3,11_81.png,mp3,011081,011,081,11,_,81
011081_5.mp3,11_81.png,mp3,011081,011,081,11,_,81
011082.mp3,11_82.png,mp3,011082,011,082,11,_,82
011083_1.mp3,11_83.png,mp3,011083,011,083,11,_,83
011083_2.mp3,11_83.png,mp3,011083,011,083,11,_,83
011084.mp3,11_84.png,mp3,011084,011,084,11,_,84
011085.mp3,11_85.png,mp3,011085,011,085,11,_,85
011086.mp3,11_86.png,mp3,011086,011,086,11,_,86
011087_1.mp3,11_87.png,mp3,011087,011,087,11,_,87
011087_2.mp3,11_87.png,mp3,011087,011,087,11,_,87
011088_1.mp3,11_88.png,mp3,011088,011,088,11,_,88
011088_2.mp3,11_88.png,mp3,011088,011,088,11,_,88
011088_3.mp3,11_88.png,mp3,011088,011,088,11,_,88
011088_4.mp3,11_88.png,mp3,011088,011,088,11,_,88
011089_1.mp3,11_89.png,mp3,011089,011,089,11,_,89
011089_2.mp3,11_89.png,mp3,011089,011,089,11,_,89
011090_1.mp3,11_90.png,mp3,011090,011,090,11,_,90
011090_2.mp3,11_90.png,mp3,011090,011,090,11,_,90
011091_1.mp3,11_91.png,mp3,011091,011,091,11,_,91
011091_2.mp3,11_91.png,mp3,011091,011,091,11,_,91
011092_1.mp3,11_92.png,mp3,011092,011,092,11,_,92
011092_2.mp3,11_92.png,mp3,011092,011,092,11,_,92
011093_1.mp3,11_93.png,mp3,011093,011,093,11,_,93
011093_2.mp3,11_93.png,mp3,011093,011,093,11,_,93
011093_3.mp3,11_93.png,mp3,011093,011,093,11,_,93
011094_1.mp3,11_94.png,mp3,011094,011,094,11,_,94
011094_2.mp3,11_94.png,mp3,011094,011,094,11,_,94
011095_1.mp3,11_95.png,mp3,011095,011,095,11,_,95
011095_2.mp3,11_95.png,mp3,011095,011,095,11,_,95
011096.mp3,11_96.png,mp3,011096,011,096,11,_,96
011097.mp3,11_97.png,mp3,011097,011,097,11,_,97
011098.mp3,11_98.png,mp3,011098,011,098,11,_,98
011099.mp3,11_99.png,mp3,011099,011,099,11,_,99
011100.mp3,11_100.png,mp3,011100,011,100,11,_,100
011101_1.mp3,11_101.png,mp3,011101,011,101,11,_,101
011101_2.mp3,11_101.png,mp3,011101,011,101,11,_,101
011101_3.mp3,11_101.png,mp3,011101,011,101,11,_,101
011102_1.mp3,11_102.png,mp3,011102,011,102,11,_,102
011102_2.mp3,11_102.png,mp3,011102,011,102,11,_,102
011103.mp3,11_103.png,mp3,011103,011,103,11,_,103
011104.mp3,11_104.png,mp3,011104,011,104,11,_,104
011105_1.mp3,11_105.png,mp3,011105,011,105,11,_,105
011105_2.mp3,11_105.png,mp3,011105,011,105,11,_,105
011106.mp3,11_106.png,mp3,011106,011,106,11,_,106
011107_1.mp3,11_107.png,mp3,011107,011,107,11,_,107
011107_2.mp3,11_107.png,mp3,011107,011,107,11,_,107
011108_1.mp3,11_108.png,mp3,011108,011,108,11,_,108
011108_2.mp3,11_108.png,mp3,011108,011,108,11,_,108
011109_1.mp3,11_109.png,mp3,011109,011,109,11,_,109
011109_2.mp3,11_109.png,mp3,011109,011,109,11,_,109
011109_3.mp3,11_109.png,mp3,011109,011,109,11,_,109
011110_1.mp3,11_110.png,mp3,011110,011,110,11,_,110
011110_2.mp3,11_110.png,mp3,011110,011,110,11,_,110
011110_3.mp3,11_110.png,mp3,011110,011,110,11,_,110
011111_1.mp3,11_111.png,mp3,011111,011,111,11,_,111
011111_2.mp3,11_111.png,mp3,011111,011,111,11,_,111
011112_1.mp3,11_112.png,mp3,011112,011,112,11,_,112
011112_2.mp3,11_112.png,mp3,011112,011,112,11,_,112
011113.mp3,11_113.png,mp3,011113,011,113,11,_,113
011114_1.mp3,11_114.png,mp3,011114,011,114,11,_,114
011114_2.mp3,11_114.png,mp3,011114,011,114,11,_,114
011115.mp3,11_115.png,mp3,011115,011,115,11,_,115
011116_1.mp3,11_116.png,mp3,011116,011,116,11,_,116
011116_2.mp3,11_116.png,mp3,011116,011,116,11,_,116
011117.mp3,11_117.png,mp3,011117,011,117,11,_,117
011118.mp3,11_118.png,mp3,011118,011,118,11,_,118
011119_1.mp3,11_119.png,mp3,011119,011,119,11,_,119
011119_2.mp3,11_119.png,mp3,011119,011,119,11,_,119
011119_3.mp3,11_119.png,mp3,011119,011,119,11,_,119
011120_1.mp3,11_120.png,mp3,011120,011,120,11,_,120
011120_2.mp3,11_120.png,mp3,011120,011,120,11,_,120
011121.mp3,11_121.png,mp3,011121,011,121,11,_,121
011122.mp3,11_122.png,mp3,011122,011,122,11,_,122
011123.mp3,11_123.png,mp3,011123,011,123,11,_,123
012001_1.mp3,12_1.png,mp3,012001,012,001,12,_,1
012001_2.mp3,12_1.png,mp3,012001,012,001,12,_,1
012001_3.mp3,12_1.png,mp3,012001,012,001,12,_,1
012002.mp3,12_2.png,mp3,012002,012,002,12,_,2
012003.mp3,12_3.png,mp3,012003,012,003,12,_,3
012004.mp3,12_4.png,mp3,012004,012,004,12,_,4
012005_1.mp3,12_5.png,mp3,012005,012,005,12,_,5
012005_2.mp3,12_5.png,mp3,012005,012,005,12,_,5
012006_1.mp3,12_6.png,mp3,012006,012,006,12,_,6
012006_2.mp3,12_6.png,mp3,012006,012,006,12,_,6
012007.mp3,12_7.png,mp3,012007,012,007,12,_,7
012008.mp3,12_8.png,mp3,012008,012,008,12,_,8
012009.mp3,12_9.png,mp3,012009,012,009,12,_,9
012010.mp3,12_10.png,mp3,012010,012,010,12,_,10
012011.mp3,12_11.png,mp3,012011,012,011,12,_,11
012012.mp3,12_12.png,mp3,012012,012,012,12,_,12
012013.mp3,12_13.png,mp3,012013,012,013,12,_,13
012014.mp3,12_14.png,mp3,012014,012,014,12,_,14
012015_1.mp3,12_15.png,mp3,012015,012,015,12,_,15
012015_2.mp3,12_15.png,mp3,012015,012,015,12,_,15
012016.mp3,12_16.png,mp3,012016,012,016,12,_,16
012017_1.mp3,12_17.png,mp3,012017,012,017,12,_,17
012017_2.mp3,12_17.png,mp3,012017,012,017,12,_,17
012018_1.mp3,12_18.png,mp3,012018,012,018,12,_,18
012018_2.mp3,12_18.png,mp3,012018,012,018,12,_,18
012018_3.mp3,12_18.png,mp3,012018,012,018,12,_,18
012019_1.mp3,12_19.png,mp3,012019,012,019,12,_,19
012019_2.mp3,12_19.png,mp3,012019,012,019,12,_,19
012019_3.mp3,12_19.png,mp3,012019,012,019,12,_,19
012020.mp3,12_20.png,mp3,012020,012,020,12,_,20
012021_1.mp3,12_21.png,mp3,012021,012,021,12,_,21
012021_2.mp3,12_21.png,mp3,012021,012,021,12,_,21
012021_3.mp3,12_21.png,mp3,012021,012,021,12,_,21
012022.mp3,12_22.png,mp3,012022,012,022,12,_,22
012023_1.mp3,12_23.png,mp3,012023,012,023,12,_,23
012023_2.mp3,12_23.png,mp3,012023,012,023,12,_,23
012023_3.mp3,12_23.png,mp3,012023,012,023,12,_,23
012024_1.mp3,12_24.png,mp3,012024,012,024,12,_,24
012024_2.mp3,12_24.png,mp3,012024,012,024,12,_,24
012024_3.mp3,12_24.png,mp3,012024,012,024,12,_,24
012024_4.mp3,12_24.png,mp3,012024,012,024,12,_,24
012025_1.mp3,12_25.png,mp3,012025,012,025,12,_,25
012025_2.mp3,12_25.png,mp3,012025,012,025,12,_,25
012026_1.mp3,12_26.png,mp3,012026,012,026,12,_,26
012026_2.mp3,12_26.png,mp3,012026,012,026,12,_,26
012027.mp3,12_27.png,mp3,012027,012,027,12,_,27
012028.mp3,12_28.png,mp3,012028,012,028,12,_,28
012029.mp3,12_29.png,mp3,012029,012,029,12,_,29
012030_1.mp3,12_30.png,mp3,012030,012,030,12,_,30
012030_2.mp3,12_30.png,mp3,012030,012,030,12,_,30
012031_1.mp3,12_31.png,mp3,012031,012,031,12,_,31
012031_2.mp3,12_31.png,mp3,012031,012,031,12,_,31
012031_3.mp3,12_31.png,mp3,012031,012,031,12,_,31
012031_4.mp3,12_31.png,mp3,012031,012,031,12,_,31
012032_1.mp3,12_32.png,mp3,012032,012,032,12,_,32
012032_2.mp3,12_32.png,mp3,012032,012,032,12,_,32
012033_1.mp3,12_33.png,mp3,012033,012,033,12,_,33
012033_2.mp3,12_33.png,mp3,012033,012,033,12,_,33
012034_1.mp3,12_34.png,mp3,012034,012,034,12,_,34
012034_2.mp3,12_34.png,mp3,012034,012,034,12,_,34
012035.mp3,12_35.png,mp3,012035,012,035,12,_,35
012036_1.mp3,12_36.png,mp3,012036,012,036,12,_,36
012036_2.mp3,12_36.png,mp3,012036,012,036,12,_,36
012036_3.mp3,12_36.png,mp3,012036,012,036,12,_,36
012037_1.mp3,12_37.png,mp3,012037,012,037,12,_,37
012037_2.mp3,12_37.png,mp3,012037,012,037,12,_,37
012037_3.mp3,12_37.png,mp3,012037,012,037,12,_,37
012038_1.mp3,12_38.png,mp3,012038,012,038,12,_,38
012038_2.mp3,12_38.png,mp3,012038,012,038,12,_,38
012038_3.mp3,12_38.png,mp3,012038,012,038,12,_,38
012039.mp3,12_39.png,mp3,012039,012,039,12,_,39
012040_1.mp3,12_40.png,mp3,012040,012,040,12,_,40
012040_2.mp3,12_40.png,mp3,012040,012,040,12,_,40
012040_3.mp3,12_40.png,mp3,012040,012,040,12,_,40
012040_4.mp3,12_40.png,mp3,012040,012,040,12,_,40
012041_1.mp3,12_41.png,mp3,012041,012,041,12,_,41
012041_2.mp3,12_41.png,mp3,012041,012,041,12,_,41
012041_3.mp3,12_41.png,mp3,012041,012,041,12,_,41
012042_1.mp3,12_42.png,mp3,012042,012,042,12,_,42
012042_2.mp3,12_42.png,mp3,012042,012,042,12,_,42
012043_1.mp3,12_43.png,mp3,012043,012,043,12,_,43
012043_2.mp3,12_43.png,mp3,012043,012,043,12,_,43
012044.mp3,12_44.png,mp3,012044,012,044,12,_,44
012045.mp3,12_45.png,mp3,012045,012,045,12,_,45
012046_1.mp3,12_46.png,mp3,012046,012,046,12,_,46
012046_2.mp3,12_46.png,mp3,012046,012,046,12,_,46
012047.mp3,12_47.png,mp3,012047,012,047,12,_,47
012048.mp3,12_48.png,mp3,012048,012,048,12,_,48
012049.mp3,12_49.png,mp3,012049,012,049,12,_,49
012050_1.mp3,12_50.png,mp3,012050,012,050,12,_,50
012050_2.mp3,12_50.png,mp3,012050,012,050,12,_,50
012051_1.mp3,12_51.png,mp3,012051,012,051,12,_,51
012051_2.mp3,12_51.png,mp3,012051,012,051,12,_,51
012051_3.mp3,12_51.png,mp3,012051,012,051,12,_,51
012052.mp3,12_52.png,mp3,012052,012,052,12,_,52
012053_1.mp3,12_53.png,mp3,012053,012,053,12,_,53
012053_2.mp3,12_53.png,mp3,012053,012,053,12,_,53
012053_3.mp3,12_53.png,mp3,012053,012,053,12,_,53
012054_1.mp3,12_54.png,mp3,012054,012,054,12,_,54
012054_2.mp3,12_54.png,mp3,012054,012,054,12,_,54
012055.mp3,12_55.png,mp3,012055,012,055,12,_,55
012056_1.mp3,12_56.png,mp3,012056,012,056,12,_,56
012056_2.mp3,12_56.png,mp3,012056,012,056,12,_,56
012057.mp3,12_57.png,mp3,012057,012,057,12,_,57
012058.mp3,12_58.png,mp3,012058,012,058,12,_,58
012059_1.mp3,12_59.png,mp3,012059,012,059,12,_,59
012059_2.mp3,12_59.png,mp3,012059,012,059,12,_,59
012060.mp3,12_60.png,mp3,012060,012,060,12,_,60
012061.mp3,12_61.png,mp3,012061,012,061,12,_,61
012062_1.mp3,12_62.png,mp3,012062,012,062,12,_,62
012062_2.mp3,12_62.png,mp3,012062,012,062,12,_,62
012063_1.mp3,12_63.png,mp3,012063,012,063,12,_,63
012063_2.mp3,12_63.png,mp3,012063,012,063,12,_,63
012064_1.mp3,12_64.png,mp3,012064,012,064,12,_,64
012064_2.mp3,12_64.png,mp3,012064,012,064,12,_,64
012065_1.mp3,12_65.png,mp3,012065,012,065,12,_,65
012065_2.mp3,12_65.png,mp3,012065,012,065,12,_,65
012065_3.mp3,12_65.png,mp3,012065,012,065,12,_,65
012066_1.mp3,12_66.png,mp3,012066,012,066,12,_,66
012066_2.mp3,12_66.png,mp3,012066,012,066,12,_,66
012067_1.mp3,12_67.png,mp3,012067,012,067,12,_,67
012067_2.mp3,12_67.png,mp3,012067,012,067,12,_,67
012067_3.mp3,12_67.png,mp3,012067,012,067,12,_,67
012068_1.mp3,12_68.png,mp3,012068,012,068,12,_,68
012068_2.mp3,12_68.png,mp3,012068,012,068,12,_,68
012068_3.mp3,12_68.png,mp3,012068,012,068,12,_,68
012069_1.mp3,12_69.png,mp3,012069,012,069,12,_,69
012069_2.mp3,12_69.png,mp3,012069,012,069,12,_,69
012070_1.mp3,12_70.png,mp3,012070,012,070,12,_,70
012070_2.mp3,12_70.png,mp3,012070,012,070,12,_,70
012071.mp3,12_71.png,mp3,012071,012,071,12,_,71
012072.mp3,12_72.png,mp3,012072,012,072,12,_,72
012073.mp3,12_73.png,mp3,012073,012,073,12,_,73
012074.mp3,12_74.png,mp3,012074,012,074,12,_,74
012075_1.mp3,12_75.png,mp3,012075,012,075,12,_,75
012075_2.mp3,12_75.png,mp3,012075,012,075,12,_,75
012076_1.mp3,12_76.png,mp3,012076,012,076,12,_,76
012076_2.mp3,12_76.png,mp3,012076,012,076,12,_,76
012076_3.mp3,12_76.png,mp3,012076,012,076,12,_,76
012076_4.mp3,12_76.png,mp3,012076,012,076,12,_,76
012076_5.mp3,12_76.png,mp3,012076,012,076,12,_,76
012077_1.mp3,12_77.png,mp3,012077,012,077,12,_,77
012077_2.mp3,12_77.png,mp3,012077,012,077,12,_,77
012078_1.mp3,12_78.png,mp3,012078,012,078,12,_,78
012078_2.mp3,12_78.png,mp3,012078,012,078,12,_,78
012079.mp3,12_79.png,mp3,012079,012,079,12,_,79
012080_1.mp3,12_80.png,mp3,012080,012,080,12,_,80
012080_2.mp3,12_80.png,mp3,012080,012,080,12,_,80
012080_3.mp3,12_80.png,mp3,012080,012,080,12,_,80
012080_4.mp3,12_80.png,mp3,012080,012,080,12,_,80
012080_5.mp3,12_80.png,mp3,012080,012,080,12,_,80
012081_1.mp3,12_81.png,mp3,012081,012,081,12,_,81
012081_2.mp3,12_81.png,mp3,012081,012,081,12,_,81
012082.mp3,12_82.png,mp3,012082,012,082,12,_,82
012083_1.mp3,12_83.png,mp3,012083,012,083,12,_,83
012083_2.mp3,12_83.png,mp3,012083,012,083,12,_,83
012084.mp3,12_84.png,mp3,012084,012,084,12,_,84
012085.mp3,12_85.png,mp3,012085,012,085,12,_,85
012086.mp3,12_86.png,mp3,012086,012,086,12,_,86
012087_1.mp3,12_87.png,mp3,012087,012,087,12,_,87
012087_2.mp3,12_87.png,mp3,012087,012,087,12,_,87
012088_1.mp3,12_88.png,mp3,012088,012,088,12,_,88
012088_2.mp3,12_88.png,mp3,012088,012,088,12,_,88
012089.mp3,12_89.png,mp3,012089,012,089,12,_,89
012090_1.mp3,12_90.png,mp3,012090,012,090,12,_,90
012090_2.mp3,12_90.png,mp3,012090,012,090,12,_,90
012090_3.mp3,12_90.png,mp3,012090,012,090,12,_,90
012091.mp3,12_91.png,mp3,012091,012,091,12,_,91
012092.mp3,12_92.png,mp3,012092,012,092,12,_,92
012093.mp3,12_93.png,mp3,012093,012,093,12,_,93
012094.mp3,12_94.png,mp3,012094,012,094,12,_,94
012095.mp3,12_95.png,mp3,012095,012,095,12,_,95
012096_1.mp3,12_96.png,mp3,012096,012,096,12,_,96
012096_2.mp3,12_96.png,mp3,012096,012,096,12,_,96
012097.mp3,12_97.png,mp3,012097,012,097,12,_,97
012098_1.mp3,12_98.png,mp3,012098,012,098,12,_,98
012098_2.mp3,12_98.png,mp3,012098,012,098,12,_,98
012099.mp3,12_99.png,mp3,012099,012,099,12,_,99
012100_1.mp3,12_100.png,mp3,012100,012,100,12,_,100
012100_2.mp3,12_100.png,mp3,012100,012,100,12,_,100
012100_3.mp3,12_100.png,mp3,012100,012,100,12,_,100
012100_4.mp3,12_100.png,mp3,012100,012,100,12,_,100
012100_5.mp3,12_100.png,mp3,012100,012,100,12,_,100
012100_6.mp3,12_100.png,mp3,012100,012,100,12,_,100
012101_1.mp3,12_101.png,mp3,012101,012,101,12,_,101
012101_2.mp3,12_101.png,mp3,012101,012,101,12,_,101
012101_3.mp3,12_101.png,mp3,012101,012,101,12,_,101
012102_1.mp3,12_102.png,mp3,012102,012,102,12,_,102
012102_2.mp3,12_102.png,mp3,012102,012,102,12,_,102
012103.mp3,12_103.png,mp3,012103,012,103,12,_,103
012104_1.mp3,12_104.png,mp3,012104,012,104,12,_,104
012104_2.mp3,12_104.png,mp3,012104,012,104,12,_,104
012105.mp3,12_105.png,mp3,012105,012,105,12,_,105
012106.mp3,12_106.png,mp3,012106,012,106,12,_,106
012107.mp3,12_107.png,mp3,012107,012,107,12,_,107
012108_1.mp3,12_108.png,mp3,012108,012,108,12,_,108
012108_2.mp3,12_108.png,mp3,012108,012,108,12,_,108
012109_1.mp3,12_109.png,mp3,012109,012,109,12,_,109
012109_2.mp3,12_109.png,mp3,012109,012,109,12,_,109
012109_3.mp3,12_109.png,mp3,012109,012,109,12,_,109
012109_4.mp3,12_109.png,mp3,012109,012,109,12,_,109
012110_1.mp3,12_110.png,mp3,012110,012,110,12,_,110
012110_2.mp3,12_110.png,mp3,012110,012,110,12,_,110
012111_1.mp3,12_111.png,mp3,012111,012,111,12,_,111
012111_2.mp3,12_111.png,mp3,012111,012,111,12,_,111
012111_3.mp3,12_111.png,mp3,012111,012,111,12,_,111
013001_1.mp3,13_1.png,mp3,013001,013,001,13,_,1
013001_2.mp3,13_1.png,mp3,013001,013,001,13,_,1
013001_3.mp3,13_1.png,mp3,013001,013,001,13,_,1
013001_4.mp3,13_1.png,mp3,013001,013,001,13,_,1
013002_1.mp3,13_2.png,mp3,013002,013,002,13,_,2
013002_2.mp3,13_2.png,mp3,013002,013,002,13,_,2
013002_3.mp3,13_2.png,mp3,013002,013,002,13,_,2
013003_1.mp3,13_3.png,mp3,013003,013,003,13,_,3
013003_2.mp3,13_3.png,mp3,013003,013,003,13,_,3
013003_3.mp3,13_3.png,mp3,013003,013,003,13,_,3
013004_1.mp3,13_4.png,mp3,013004,013,004,13,_,4
013004_2.mp3,13_4.png,mp3,013004,013,004,13,_,4
013004_3.mp3,13_4.png,mp3,013004,013,004,13,_,4
013005_1.mp3,13_5.png,mp3,013005,013,005,13,_,5
013005_2.mp3,13_5.png,mp3,013005,013,005,13,_,5
013005_3.mp3,13_5.png,mp3,013005,013,005,13,_,5
013005_4.mp3,13_5.png,mp3,013005,013,005,13,_,5
013006_1.mp3,13_6.png,mp3,013006,013,006,13,_,6
013006_2.mp3,13_6.png,mp3,013006,013,006,13,_,6
013006_3.mp3,13_6.png,mp3,013006,013,006,13,_,6
013007_1.mp3,13_7.png,mp3,013007,013,007,13,_,7
013007_2.mp3,13_7.png,mp3,013007,013,007,13,_,7
013007_3.mp3,13_7.png,mp3,013007,013,007,13,_,7
013008_1.mp3,13_8.png,mp3,013008,013,008,13,_,8
013008_2.mp3,13_8.png,mp3,013008,013,008,13,_,8
013009.mp3,13_9.png,mp3,013009,013,009,13,_,9
013010.mp3,13_10.png,mp3,013010,013,010,13,_,10
013011_1.mp3,13_11.png,mp3,013011,013,011,13,_,11
013011_2.mp3,13_11.png,mp3,013011,013,011,13,_,11
013011_3.mp3,13_11.png,mp3,013011,013,011,13,_,11
013011_4.mp3,13_11.png,mp3,013011,013,011,13,_,11
013012.mp3,13_12.png,mp3,013012,013,012,13,_,12
013013_1.mp3,13_13.png,mp3,013013,013,013,13,_,13
013013_2.mp3,13_13.png,mp3,013013,013,013,13,_,13
013014_1.mp3,13_14.png,mp3,013014,013,014,13,_,14
013014_2.mp3,13_14.png,mp3,013014,013,014,13,_,14
013015.mp3,13_15.png,mp3,013015,013,015,13,_,15
013016_1.mp3,13_16.png,mp3,013016,013,016,13,_,16
013016_2.mp3,13_16.png,mp3,013016,013,016,13,_,16
013016_3.mp3,13_16.png,mp3,013016,013,016,13,_,16
013016_4.mp3,13_16.png,mp3,013016,013,016,13,_,16
013016_5.mp3,13_16.png,mp3,013016,013,016,13,_,16
013017_1.mp3,13_17.png,mp3,013017,013,017,13,_,17
013017_2.mp3,13_17.png,mp3,013017,013,017,13,_,17
013017_3.mp3,13_17.png,mp3,013017,013,017,13,_,17
013017_4.mp3,13_17.png,mp3,013017,013,017,13,_,17
013017_5.mp3,13_17.png,mp3,013017,013,017,13,_,17
013018_1.mp3,13_18.png,mp3,013018,013,018,13,_,18
013018_2.mp3,13_18.png,mp3,013018,013,018,13,_,18
013018_3.mp3,13_18.png,mp3,013018,013,018,13,_,18
013019.mp3,13_19.png,mp3,013019,013,019,13,_,19
013020.mp3,13_20.png,mp3,013020,013,020,13,_,20
013021.mp3,13_21.png,mp3,013021,013,021,13,_,21
013022_1.mp3,13_22.png,mp3,013022,013,022,13,_,22
013022_2.mp3,13_22.png,mp3,013022,013,022,13,_,22
013023_1.mp3,13_23.png,mp3,013023,013,023,13,_,23
013023_2.mp3,13_23.png,mp3,013023,013,023,13,_,23
013024_1.mp3,13_24.png,mp3,013024,013,024,13,_,24
013024_2.mp3,13_24.png,mp3,013024,013,024,13,_,24
013025_1.mp3,13_25.png,mp3,013025,013,025,13,_,25
013025_2.mp3,13_25.png,mp3,013025,013,025,13,_,25
013025_3.mp3,13_25.png,mp3,013025,013,025,13,_,25
013026_1.mp3,13_26.png,mp3,013026,013,026,13,_,26
013026_2.mp3,13_26.png,mp3,013026,013,026,13,_,26
013027_1.mp3,13_27.png,mp3,013027,013,027,13,_,27
013027_2.mp3,13_27.png,mp3,013027,013,027,13,_,27
013028_1.mp3,13_28.png,mp3,013028,013,028,13,_,28
013028_2.mp3,13_28.png,mp3,013028,013,028,13,_,28
013029.mp3,13_29.png,mp3,013029,013,029,13,_,29
013030_1.mp3,13_30.png,mp3,013030,013,030,13,_,30
013030_2.mp3,13_30.png,mp3,013030,013,030,13,_,30
013030_3.mp3,13_30.png,mp3,013030,013,030,13,_,30
013031_1.mp3,13_31.png,mp3,013031,013,031,13,_,31
013031_2.mp3,13_31.png,mp3,013031,013,031,13,_,31
013031_3.mp3,13_31.png,mp3,013031,013,031,13,_,31
013031_4.mp3,13_31.png,mp3,013031,013,031,13,_,31
013032_1.mp3,13_32.png,mp3,013032,013,032,13,_,32
013032_2.mp3,13_32.png,mp3,013032,013,032,13,_,32
013033_1.mp3,13_33.png,mp3,013033,013,033,13,_,33
013033_2.mp3,13_33.png,mp3,013033,013,033,13,_,33
013033_3.mp3,13_33.png,mp3,013033,013,033,13,_,33
013033_4.mp3,13_33.png,mp3,013033,013,033,13,_,33
013033_5.mp3,13_33.png,mp3,013033,013,033,13,_,33
013034_1.mp3,13_34.png,mp3,013034,013,034,13,_,34
013034_2.mp3,13_34.png,mp3,013034,013,034,13,_,34
013035_1.mp3,13_35.png,mp3,013035,013,035,13,_,35
013035_2.mp3,13_35.png,mp3,013035,013,035,13,_,35
013035_3.mp3,13_35.png,mp3,013035,013,035,13,_,35
013036_1.mp3,13_36.png,mp3,013036,013,036,13,_,36
013036_2.mp3,13_36.png,mp3,013036,013,036,13,_,36
013036_3.mp3,13_36.png,mp3,013036,013,036,13,_,36
013037_1.mp3,13_37.png,mp3,013037,013,037,13,_,37
013037_2.mp3,13_37.png,mp3,013037,013,037,13,_,37
013038_1.mp3,13_38.png,mp3,013038,013,038,13,_,38
013038_2.mp3,13_38.png,mp3,013038,013,038,13,_,38
013038_3.mp3,13_38.png,mp3,013038,013,038,13,_,38
013039.mp3,13_39.png,mp3,013039,013,039,13,_,39
013040.mp3,13_40.png,mp3,013040,013,040,13,_,40
013041_1.mp3,13_41.png,mp3,013041,013,041,13,_,41
013041_2.mp3,13_41.png,mp3,013041,013,041,13,_,41
013041_3.mp3,13_41.png,mp3,013041,013,041,13,_,41
013042_1.mp3,13_42.png,mp3,013042,013,042,13,_,42
013042_2.mp3,13_42.png,mp3,013042,013,042,13,_,42
013043.mp3,13_43.png,mp3,013043,013,043,13,_,43
014001_1.mp3,14_1.png,mp3,014001,014,001,14,_,1
014001_2.mp3,14_1.png,mp3,014001,014,001,14,_,1
014002_1.mp3,14_2.png,mp3,014002,014,002,14,_,2
014002_2.mp3,14_2.png,mp3,014002,014,002,14,_,2
014003_1.mp3,14_3.png,mp3,014003,014,003,14,_,3
014003_2.mp3,14_3.png,mp3,014003,014,003,14,_,3
014004.mp3,14_4.png,mp3,014004,014,004,14,_,4
014005.mp3,14_5.png,mp3,014005,014,005,14,_,5
014006_1.mp3,14_6.png,mp3,014006,014,006,14,_,6
014006_2.mp3,14_6.png,mp3,014006,014,006,14,_,6
014007.mp3,14_7.png,mp3,014007,014,007,14,_,7
014008.mp3,14_8.png,mp3,014008,014,008,14,_,8
014009_1.mp3,14_9.png,mp3,014009,014,009,14,_,9
014009_2.mp3,14_9.png,mp3,014009,014,009,14,_,9
014010_1.mp3,14_10.png,mp3,014010,014,010,14,_,10
014010_2.mp3,14_10.png,mp3,014010,014,010,14,_,10
014011.mp3,14_11.png,mp3,014011,014,011,14,_,11
014012_1.mp3,14_12.png,mp3,014012,014,012,14,_,12
014012_2.mp3,14_12.png,mp3,014012,014,012,14,_,12
014013_1.mp3,14_13.png,mp3,014013,014,013,14,_,13
014013_2.mp3,14_13.png,mp3,014013,014,013,14,_,13
014014_1.mp3,14_14.png,mp3,014014,014,014,14,_,14
014014_2.mp3,14_14.png,mp3,014014,014,014,14,_,14
014015.mp3,14_15.png,mp3,014015,014,015,14,_,15
014016.mp3,14_16.png,mp3,014016,014,016,14,_,16
014017_1.mp3,14_17.png,mp3,014017,014,017,14,_,17
014017_2.mp3,14_17.png,mp3,014017,014,017,14,_,17
014018_1.mp3,14_18.png,mp3,014018,014,018,14,_,18
014018_2.mp3,14_18.png,mp3,014018,014,018,14,_,18
014019_1.mp3,14_19.png,mp3,014019,014,019,14,_,19
014019_2.mp3,14_19.png,mp3,014019,014,019,14,_,19
014020.mp3,14_20.png,mp3,014020,014,020,14,_,20
014021_1.mp3,14_21.png,mp3,014021,014,021,14,_,21
014021_2.mp3,14_21.png,mp3,014021,014,021,14,_,21
014021_3.mp3,14_21.png,mp3,014021,014,021,14,_,21
014022_1.mp3,14_22.png,mp3,014022,014,022,14,_,22
014022_2.mp3,14_22.png,mp3,014022,014,022,14,_,22
014022_3.mp3,14_22.png,mp3,014022,014,022,14,_,22
014022_4.mp3,14_22.png,mp3,014022,014,022,14,_,22
014023_1.mp3,14_23.png,mp3,014023,014,023,14,_,23
014023_2.mp3,14_23.png,mp3,014023,014,023,14,_,23
014024.mp3,14_24.png,mp3,014024,014,024,14,_,24
014025.mp3,14_25.png,mp3,014025,014,025,14,_,25
014026.mp3,14_26.png,mp3,014026,014,026,14,_,26
014027.mp3,14_27.png,mp3,014027,014,027,14,_,27
014028.mp3,14_28.png,mp3,014028,014,028,14,_,28
014029.mp3,14_29.png,mp3,014029,014,029,14,_,29
014030.mp3,14_30.png,mp3,014030,014,030,14,_,30
014031_1.mp3,14_31.png,mp3,014031,014,031,14,_,31
014031_2.mp3,14_31.png,mp3,014031,014,031,14,_,31
014032.mp3,14_32.png,mp3,014032,014,032,14,_,32
014033_1.mp3,14_33.png,mp3,014033,014,033,14,_,33
014033_2.mp3,14_33.png,mp3,014033,014,033,14,_,33
014034.mp3,14_34.png,mp3,014034,014,034,14,_,34
014035.mp3,14_35.png,mp3,014035,014,035,14,_,35
014036.mp3,14_36.png,mp3,014036,014,036,14,_,36
014037_1.mp3,14_37.png,mp3,014037,014,037,14,_,37
014037_2.mp3,14_37.png,mp3,014037,014,037,14,_,37
014038_1.mp3,14_38.png,mp3,014038,014,038,14,_,38
014038_2.mp3,14_38.png,mp3,014038,014,038,14,_,38
014039_1.mp3,14_39.png,mp3,014039,014,039,14,_,39
014039_2.mp3,14_39.png,mp3,014039,014,039,14,_,39
014040.mp3,14_40.png,mp3,014040,014,040,14,_,40
014041.mp3,14_41.png,mp3,014041,014,041,14,_,41
014042.mp3,14_42.png,mp3,014042,014,042,14,_,42
014043.mp3,14_43.png,mp3,014043,014,043,14,_,43
014044.mp3,14_44.png,mp3,014044,014,044,14,_,44
014045.mp3,14_45.png,mp3,014045,014,045,14,_,45
014046.mp3,14_46.png,mp3,014046,014,046,14,_,46
014047.mp3,14_47.png,mp3,014047,014,047,14,_,47
014048.mp3,14_48.png,mp3,014048,014,048,14,_,48
014049.mp3,14_49.png,mp3,014049,014,049,14,_,49
014050.mp3,14_50.png,mp3,014050,014,050,14,_,50
014051.mp3,14_51.png,mp3,014051,014,051,14,_,51
014052.mp3,14_52.png,mp3,014052,014,052,14,_,52
015001_1.mp3,15_1.png,mp3,015001,015,001,15,_,1
015001_2.mp3,15_1.png,mp3,015001,015,001,15,_,1
015002.mp3,15_2.png,mp3,015002,015,002,15,_,2
015003.mp3,15_3.png,mp3,015003,015,003,15,_,3
015004.mp3,15_4.png,mp3,015004,015,004,15,_,4
015005.mp3,15_5.png,mp3,015005,015,005,15,_,5
015006.mp3,15_6.png,mp3,015006,015,006,15,_,6
015007.mp3,15_7.png,mp3,015007,015,007,15,_,7
015008.mp3,15_8.png,mp3,015008,015,008,15,_,8
015009.mp3,15_9.png,mp3,015009,015,009,15,_,9
015010.mp3,15_10.png,mp3,015010,015,010,15,_,10
015011.mp3,15_11.png,mp3,015011,015,011,15,_,11
015012.mp3,15_12.png,mp3,015012,015,012,15,_,12
015013.mp3,15_13.png,mp3,015013,015,013,15,_,13
015014.mp3,15_14.png,mp3,015014,015,014,15,_,14
015015.mp3,15_15.png,mp3,015015,015,015,15,_,15
015016.mp3,15_16.png,mp3,015016,015,016,15,_,16
015017.mp3,15_17.png,mp3,015017,015,017,15,_,17
015018.mp3,15_18.png,mp3,015018,015,018,15,_,18
015019.mp3,15_19.png,mp3,015019,015,019,15,_,19
015020.mp3,15_20.png,mp3,015020,015,020,15,_,20
015021.mp3,15_21.png,mp3,015021,015,021,15,_,21
015022.mp3,15_22.png,mp3,015022,015,022,15,_,22
015023.mp3,15_23.png,mp3,015023,015,023,15,_,23
015024.mp3,15_24.png,mp3,015024,015,024,15,_,24
015025.mp3,15_25.png,mp3,015025,015,025,15,_,25
015026.mp3,15_26.png,mp3,015026,015,026,15,_,26
015027.mp3,15_27.png,mp3,015027,015,027,15,_,27
015028.mp3,15_28.png,mp3,015028,015,028,15,_,28
015029.mp3,15_29.png,mp3,015029,015,029,15,_,29
015030.mp3,15_30.png,mp3,015030,015,030,15,_,30
015031.mp3,15_31.png,mp3,015031,015,031,15,_,31
015032.mp3,15_32.png,mp3,015032,015,032,15,_,32
015033.mp3,15_33.png,mp3,015033,015,033,15,_,33
015034.mp3,15_34.png,mp3,015034,015,034,15,_,34
015035.mp3,15_35.png,mp3,015035,015,035,15,_,35
015036.mp3,15_36.png,mp3,015036,015,036,15,_,36
015037.mp3,15_37.png,mp3,015037,015,037,15,_,37
015038.mp3,15_38.png,mp3,015038,015,038,15,_,38
015039.mp3,15_39.png,mp3,015039,015,039,15,_,39
015040.mp3,15_40.png,mp3,015040,015,040,15,_,40
015041.mp3,15_41.png,mp3,015041,015,041,15,_,41
015042.mp3,15_42.png,mp3,015042,015,042,15,_,42
015043.mp3,15_43.png,mp3,015043,015,043,15,_,43
015044.mp3,15_44.png,mp3,015044,015,044,15,_,44
015045.mp3,15_45.png,mp3,015045,015,045,15,_,45
015046.mp3,15_46.png,mp3,015046,015,046,15,_,46
015047.mp3,15_47.png,mp3,015047,015,047,15,_,47
015048.mp3,15_48.png,mp3,015048,015,048,15,_,48
015049.mp3,15_49.png,mp3,015049,015,049,15,_,49
015050.mp3,15_50.png,mp3,015050,015,050,15,_,50
015051.mp3,15_51.png,mp3,015051,015,051,15,_,51
015052.mp3,15_52.png,mp3,015052,015,052,15,_,52
015053.mp3,15_53.png,mp3,015053,015,053,15,_,53
015054.mp3,15_54.png,mp3,015054,015,054,15,_,54
015055.mp3,15_55.png,mp3,015055,015,055,15,_,55
015056.mp3,15_56.png,mp3,015056,015,056,15,_,56
015057.mp3,15_57.png,mp3,015057,015,057,15,_,57
015058.mp3,15_58.png,mp3,015058,015,058,15,_,58
015059.mp3,15_59.png,mp3,015059,015,059,15,_,59
015060.mp3,15_60.png,mp3,015060,015,060,15,_,60
015061.mp3,15_61.png,mp3,015061,015,061,15,_,61
015062.mp3,15_62.png,mp3,015062,015,062,15,_,62
015063.mp3,15_63.png,mp3,015063,015,063,15,_,63
015064.mp3,15_64.png,mp3,015064,015,064,15,_,64
015065.mp3,15_65.png,mp3,015065,015,065,15,_,65
015066.mp3,15_66.png,mp3,015066,015,066,15,_,66
015067.mp3,15_67.png,mp3,015067,015,067,15,_,67
015068.mp3,15_68.png,mp3,015068,015,068,15,_,68
015069.mp3,15_69.png,mp3,015069,015,069,15,_,69
015070.mp3,15_70.png,mp3,015070,015,070,15,_,70
015071.mp3,15_71.png,mp3,015071,015,071,15,_,71
015072.mp3,15_72.png,mp3,015072,015,072,15,_,72
015073.mp3,15_73.png,mp3,015073,015,073,15,_,73
015074.mp3,15_74.png,mp3,015074,015,074,15,_,74
015075.mp3,15_75.png,mp3,015075,015,075,15,_,75
015076.mp3,15_76.png,mp3,015076,015,076,15,_,76
015077.mp3,15_77.png,mp3,015077,015,077,15,_,77
015078.mp3,15_78.png,mp3,015078,015,078,15,_,78
015079.mp3,15_79.png,mp3,015079,015,079,15,_,79
015080.mp3,15_80.png,mp3,015080,015,080,15,_,80
015081.mp3,15_81.png,mp3,015081,015,081,15,_,81
015082.mp3,15_82.png,mp3,015082,015,082,15,_,82
015083.mp3,15_83.png,mp3,015083,015,083,15,_,83
015084.mp3,15_84.png,mp3,015084,015,084,15,_,84
015085_1.mp3,15_85.png,mp3,015085,015,085,15,_,85
015085_2.mp3,15_85.png,mp3,015085,015,085,15,_,85
015086.mp3,15_86.png,mp3,015086,015,086,15,_,86
015087.mp3,15_87.png,mp3,015087,015,087,15,_,87
015088.mp3,15_88.png,mp3,015088,015,088,15,_,88
015089.mp3,15_89.png,mp3,015089,015,089,15,_,89
015090.mp3,15_90.png,mp3,015090,015,090,15,_,90
015091.mp3,15_91.png,mp3,015091,015,091,15,_,91
015092.mp3,15_92.png,mp3,015092,015,092,15,_,92
015093.mp3,15_93.png,mp3,015093,015,093,15,_,93
015094.mp3,15_94.png,mp3,015094,015,094,15,_,94
015095.mp3,15_95.png,mp3,015095,015,095,15,_,95
015096.mp3,15_96.png,mp3,015096,015,096,15,_,96
015097.mp3,15_97.png,mp3,015097,015,097,15,_,97
015098.mp3,15_98.png,mp3,015098,015,098,15,_,98
015099.mp3,15_99.png,mp3,015099,015,099,15,_,99
016001_1.mp3,16_1.png,mp3,016001,016,001,16,_,1
016001_2.mp3,16_1.png,mp3,016001,016,001,16,_,1
016002_1.mp3,16_2.png,mp3,016002,016,002,16,_,2
016002_2.mp3,16_2.png,mp3,016002,016,002,16,_,2
016003_1.mp3,16_3.png,mp3,016003,016,003,16,_,3
016003_2.mp3,16_3.png,mp3,016003,016,003,16,_,3
016004.mp3,16_4.png,mp3,016004,016,004,16,_,4
016005.mp3,16_5.png,mp3,016005,016,005,16,_,5
016006.mp3,16_6.png,mp3,016006,016,006,16,_,6
016007.mp3,16_7.png,mp3,016007,016,007,16,_,7
016008.mp3,16_8.png,mp3,016008,016,008,16,_,8
016009.mp3,16_9.png,mp3,016009,016,009,16,_,9
016010.mp3,16_10.png,mp3,016010,016,010,16,_,10
016011_1.mp3,16_11.png,mp3,016011,016,011,16,_,11
016011_2.mp3,16_11.png,mp3,016011,016,011,16,_,11
016012.mp3,16_12.png,mp3,016012,016,012,16,_,12
016013.mp3,16_13.png,mp3,016013,016,013,16,_,13
016014_1.mp3,16_14.png,mp3,016014,016,014,16,_,14
016014_2.mp3,16_14.png,mp3,016014,016,014,16,_,14
016015.mp3,16_15.png,mp3,016015,016,015,16,_,15
016016.mp3,16_16.png,mp3,016016,016,016,16,_,16
016017.mp3,16_17.png,mp3,016017,016,017,16,_,17
016018.mp3,16_18.png,mp3,016018,016,018,16,_,18
016019.mp3,16_19.png,mp3,016019,016,019,16,_,19
016020.mp3,16_20.png,mp3,016020,016,020,16,_,20
016021.mp3,16_21.png,mp3,016021,016,021,16,_,21
016022.mp3,16_22.png,mp3,016022,016,022,16,_,22
016023.mp3,16_23.png,mp3,016023,016,023,16,_,23
016024.mp3,16_24.png,mp3,016024,016,024,16,_,24
016025_1.mp3,16_25.png,mp3,016025,016,025,16,_,25
016025_2.mp3,16_25.png,mp3,016025,016,025,16,_,25
016026_1.mp3,16_26.png,mp3,016026,016,026,16,_,26
016026_2.mp3,16_26.png,mp3,016026,016,026,16,_,26
016027.mp3,16_27.png,mp3,016027,016,027,16,_,27
016028.mp3,16_28.png,mp3,016028,016,028,16,_,28
016029.mp3,16_29.png,mp3,016029,016,029,16,_,29
016030.mp3,16_30.png,mp3,016030,016,030,16,_,30
016031.mp3,16_31.png,mp3,016031,016,031,16,_,31
016032.mp3,16_32.png,mp3,016032,016,032,16,_,32
016033.mp3,16_33.png,mp3,016033,016,033,16,_,33
016034.mp3,16_34.png,mp3,016034,016,034,16,_,34
016035_1.mp3,16_35.png,mp3,016035,016,035,16,_,35
016035_2.mp3,16_35.png,mp3,016035,016,035,16,_,35
016036.mp3,16_36.png,mp3,016036,016,036,16,_,36
016037.mp3,16_37.png,mp3,016037,016,037,16,_,37
016038_1.mp3,16_38.png,mp3,016038,016,038,16,_,38
016038_2.mp3,16_38.png,mp3,016038,016,038,16,_,38
016039.mp3,16_39.png,mp3,016039,016,039,16,_,39
016040.mp3,16_40.png,mp3,016040,016,040,16,_,40
016041.mp3,16_41.png,mp3,016041,016,041,16,_,41
016042.mp3,16_42.png,mp3,016042,016,042,16,_,42
016043.mp3,16_43.png,mp3,016043,016,043,16,_,43
016044_1.mp3,16_44.png,mp3,016044,016,044,16,_,44
016044_2.mp3,16_44.png,mp3,016044,016,044,16,_,44
016045.mp3,16_45.png,mp3,016045,016,045,16,_,45
016046.mp3,16_46.png,mp3,016046,016,046,16,_,46
016047.mp3,16_47.png,mp3,016047,016,047,16,_,47
016048.mp3,16_48.png,mp3,016048,016,048,16,_,48
016049.mp3,16_49.png,mp3,016049,016,049,16,_,49
016050.mp3,16_50.png,mp3,016050,016,050,16,_,50
016051.mp3,16_51.png,mp3,016051,016,051,16,_,51
016052.mp3,16_52.png,mp3,016052,016,052,16,_,52
016053.mp3,16_53.png,mp3,016053,016,053,16,_,53
016054.mp3,16_54.png,mp3,016054,016,054,16,_,54
016055.mp3,16_55.png,mp3,016055,016,055,16,_,55
016056.mp3,16_56.png,mp3,016056,016,056,16,_,56
016057.mp3,16_57.png,mp3,016057,016,057,16,_,57
016058.mp3,16_58.png,mp3,016058,016,058,16,_,58
016059_1.mp3,16_59.png,mp3,016059,016,059,16,_,59
016059_2.mp3,16_59.png,mp3,016059,016,059,16,_,59
016059_3.mp3,16_59.png,mp3,016059,016,059,16,_,59
016060_1.mp3,16_60.png,mp3,016060,016,060,16,_,60
016060_2.mp3,16_60.png,mp3,016060,016,060,16,_,60
016061_1.mp3,16_61.png,mp3,016061,016,061,16,_,61
016061_2.mp3,16_61.png,mp3,016061,016,061,16,_,61
016062_1.mp3,16_62.png,mp3,016062,016,062,16,_,62
016062_2.mp3,16_62.png,mp3,016062,016,062,16,_,62
016063.mp3,16_63.png,mp3,016063,016,063,16,_,63
016064.mp3,16_64.png,mp3,016064,016,064,16,_,64
016065_1.mp3,16_65.png,mp3,016065,016,065,16,_,65
016065_2.mp3,16_65.png,mp3,016065,016,065,16,_,65
016066.mp3,16_66.png,mp3,016066,016,066,16,_,66
016067.mp3,16_67.png,mp3,016067,016,067,16,_,67
016068.mp3,16_68.png,mp3,016068,016,068,16,_,68
016069_1.mp3,16_69.png,mp3,016069,016,069,16,_,69
016069_2.mp3,16_69.png,mp3,016069,016,069,16,_,69
016070.mp3,16_70.png,mp3,016070,016,070,16,_,70
016071_1.mp3,16_71.png,mp3,016071,016,071,16,_,71
016071_2.mp3,16_71.png,mp3,016071,016,071,16,_,71
016071_3.mp3,16_71.png,mp3,016071,016,071,16,_,71
016072_1.mp3,16_72.png,mp3,016072,016,072,16,_,72
016072_2.mp3,16_72.png,mp3,016072,016,072,16,_,72
016073.mp3,16_73.png,mp3,016073,016,073,16,_,73
016074.mp3,16_74.png,mp3,016074,016,074,16,_,74
016075_1.mp3,16_75.png,mp3,016075,016,075,16,_,75
016075_2.mp3,16_75.png,mp3,016075,016,075,16,_,75
016076_1.mp3,16_76.png,mp3,016076,016,076,16,_,76
016076_2.mp3,16_76.png,mp3,016076,016,076,16,_,76
016076_3.mp3,16_76.png,mp3,016076,016,076,16,_,76
016077.mp3,16_77.png,mp3,016077,016,077,16,_,77
016078.mp3,16_78.png,mp3,016078,016,078,16,_,78
016079_1.mp3,16_79.png,mp3,016079,016,079,16,_,79
016079_2.mp3,16_79.png,mp3,016079,016,079,16,_,79
016080_1.mp3,16_80.png,mp3,016080,016,080,16,_,80
016080_2.mp3,16_80.png,mp3,016080,016,080,16,_,80
016080_3.mp3,16_80.png,mp3,016080,016,080,16,_,80
016081.mp3,16_81.png,mp3,016081,016,081,16,_,81
016082.mp3,16_82.png,mp3,016082,016,082,16,_,82
016083.mp3,16_83.png,mp3,016083,016,083,16,_,83
016084.mp3,16_84.png,mp3,016084,016,084,16,_,84
016085.mp3,16_85.png,mp3,016085,016,085,16,_,85
016086_1.mp3,16_86.png,mp3,016086,016,086,16,_,86
016086_2.mp3,16_86.png,mp3,016086,016,086,16,_,86
016087.mp3,16_87.png,mp3,016087,016,087,16,_,87
016088.mp3,16_88.png,mp3,016088,016,088,16,_,88
016089.mp3,16_89.png,mp3,016089,016,089,16,_,89
016090_1.mp3,16_90.png,mp3,016090,016,090,16,_,90
016090_2.mp3,16_90.png,mp3,016090,016,090,16,_,90
016091.mp3,16_91.png,mp3,016091,016,091,16,_,91
016092_1.mp3,16_92.png,mp3,016092,016,092,16,_,92
016092_2.mp3,16_92.png,mp3,016092,016,092,16,_,92
016093.mp3,16_93.png,mp3,016093,016,093,16,_,93
016094_1.mp3,16_94.png,mp3,016094,016,094,16,_,94
016094_2.mp3,16_94.png,mp3,016094,016,094,16,_,94
016095.mp3,16_95.png,mp3,016095,016,095,16,_,95
016096.mp3,16_96.png,mp3,016096,016,096,16,_,96
016097_1.mp3,16_97.png,mp3,016097,016,097,16,_,97
016097_2.mp3,16_97.png,mp3,016097,016,097,16,_,97
016098.mp3,16_98.png,mp3,016098,016,098,16,_,98
016099.mp3,16_99.png,mp3,016099,016,099,16,_,99
016100.mp3,16_100.png,mp3,016100,016,100,16,_,100
016101_1.mp3,16_101.png,mp3,016101,016,101,16,_,101
016101_2.mp3,16_101.png,mp3,016101,016,101,16,_,101
016102.mp3,16_102.png,mp3,016102,016,102,16,_,102
016103.mp3,16_103.png,mp3,016103,016,103,16,_,103
016104.mp3,16_104.png,mp3,016104,016,104,16,_,104
016105.mp3,16_105.png,mp3,016105,016,105,16,_,105
016106.mp3,16_106.png,mp3,016106,016,106,16,_,106
016107.mp3,16_107.png,mp3,016107,016,107,16,_,107
016108.mp3,16_108.png,mp3,016108,016,108,16,_,108
016109.mp3,16_109.png,mp3,016109,016,109,16,_,109
016110_1.mp3,16_110.png,mp3,016110,016,110,16,_,110
016110_2.mp3,16_110.png,mp3,016110,016,110,16,_,110
016111.mp3,16_111.png,mp3,016111,016,111,16,_,111
016112_1.mp3,16_112.png,mp3,016112,016,112,16,_,112
016112_2.mp3,16_112.png,mp3,016112,016,112,16,_,112
016113.mp3,16_113.png,mp3,016113,016,113,16,_,113
016114.mp3,16_114.png,mp3,016114,016,114,16,_,114
016115_1.mp3,16_115.png,mp3,016115,016,115,16,_,115
016115_2.mp3,16_115.png,mp3,016115,016,115,16,_,115
016116.mp3,16_116.png,mp3,016116,016,116,16,_,116
016117.mp3,16_117.png,mp3,016117,016,117,16,_,117
016118.mp3,16_118.png,mp3,016118,016,118,16,_,118
016119_1.mp3,16_119.png,mp3,016119,016,119,16,_,119
016119_2.mp3,16_119.png,mp3,016119,016,119,16,_,119
016120.mp3,16_120.png,mp3,016120,016,120,16,_,120
016121.mp3,16_121.png,mp3,016121,016,121,16,_,121
016122.mp3,16_122.png,mp3,016122,016,122,16,_,122
016123.mp3,16_123.png,mp3,016123,016,123,16,_,123
016124_1.mp3,16_124.png,mp3,016124,016,124,16,_,124
016124_2.mp3,16_124.png,mp3,016124,016,124,16,_,124
016125.mp3,16_125.png,mp3,016125,016,125,16,_,125
016126.mp3,16_126.png,mp3,016126,016,126,16,_,126
016127.mp3,16_127.png,mp3,016127,016,127,16,_,127
016128.mp3,16_128.png,mp3,016128,016,128,16,_,128
017001_1.mp3,17_1.png,mp3,017001,017,001,17,_,1
017001_2.mp3,17_1.png,mp3,017001,017,001,17,_,1
017001_3.mp3,17_1.png,mp3,017001,017,001,17,_,1
017002.mp3,17_2.png,mp3,017002,017,002,17,_,2
017003.mp3,17_3.png,mp3,017003,017,003,17,_,3
017004.mp3,17_4.png,mp3,017004,017,004,17,_,4
017005.mp3,17_5.png,mp3,017005,017,005,17,_,5
017006.mp3,17_6.png,mp3,017006,017,006,17,_,6
017007_1.mp3,17_7.png,mp3,017007,017,007,17,_,7
017007_2.mp3,17_7.png,mp3,017007,017,007,17,_,7
017008.mp3,17_8.png,mp3,017008,017,008,17,_,8
017009.mp3,17_9.png,mp3,017009,017,009,17,_,9
017010.mp3,17_10.png,mp3,017010,017,010,17,_,10
017011.mp3,17_11.png,mp3,017011,017,011,17,_,11
017012_1.mp3,17_12.png,mp3,017012,017,012,17,_,12
017012_2.mp3,17_12.png,mp3,017012,017,012,17,_,12
017013_1.mp3,17_13.png,mp3,017013,017,013,17,_,13
017013_2.mp3,17_13.png,mp3,017013,017,013,17,_,13
017014.mp3,17_14.png,mp3,017014,017,014,17,_,14
017015.mp3,17_15.png,mp3,017015,017,015,17,_,15
017016.mp3,17_16.png,mp3,017016,017,016,17,_,16
017017.mp3,17_17.png,mp3,017017,017,017,17,_,17
017018.mp3,17_18.png,mp3,017018,017,018,17,_,18
017019.mp3,17_19.png,mp3,017019,017,019,17,_,19
017020_1.mp3,17_20.png,mp3,017020,017,020,17,_,20
017020_2.mp3,17_20.png,mp3,017020,017,020,17,_,20
017021_1.mp3,17_21.png,mp3,017021,017,021,17,_,21
017021_2.mp3,17_21.png,mp3,017021,017,021,17,_,21
017022.mp3,17_22.png,mp3,017022,017,022,17,_,22
017023_1.mp3,17_23.png,mp3,017023,017,023,17,_,23
017023_2.mp3,17_23.png,mp3,017023,017,023,17,_,23
017023_3.mp3,17_23.png,mp3,017023,017,023,17,_,23
017024.mp3,17_24.png,mp3,017024,017,024,17,_,24
017025_1.mp3,17_25.png,mp3,017025,017,025,17,_,25
017025_2.mp3,17_25.png,mp3,017025,017,025,17,_,25
017026.mp3,17_26.png,mp3,017026,017,026,17,_,26
017027.mp3,17_27.png,mp3,017027,017,027,17,_,27
017028.mp3,17_28.png,mp3,017028,017,028,17,_,28
017029.mp3,17_29.png,mp3,017029,017,029,17,_,29
017030.mp3,17_30.png,mp3,017030,017,030,17,_,30
017031_1.mp3,17_31.png,mp3,017031,017,031,17,_,31
017031_2.mp3,17_31.png,mp3,017031,017,031,17,_,31
017032.mp3,17_32.png,mp3,017032,017,032,17,_,32
017033_1.mp3,17_33.png,mp3,017033,017,033,17,_,33
017033_2.mp3,17_33.png,mp3,017033,017,033,17,_,33
017034.mp3,17_34.png,mp3,017034,017,034,17,_,34
017035_1.mp3,17_35.png,mp3,017035,017,035,17,_,35
017035_2.mp3,17_35.png,mp3,017035,017,035,17,_,35
017036.mp3,17_36.png,mp3,017036,017,036,17,_,36
017037.mp3,17_37.png,mp3,017037,017,037,17,_,37
017038.mp3,17_38.png,mp3,017038,017,038,17,_,38
017039.mp3,17_39.png,mp3,017039,017,039,17,_,39
017040.mp3,17_40.png,mp3,017040,017,040,17,_,40
017041.mp3,17_41.png,mp3,017041,017,041,17,_,41
017042.mp3,17_42.png,mp3,017042,017,042,17,_,42
017043.mp3,17_43.png,mp3,017043,017,043,17,_,43
017044.mp3,17_44.png,mp3,017044,017,044,17,_,44
017045.mp3,17_45.png,mp3,017045,017,045,17,_,45
017046.mp3,17_46.png,mp3,017046,017,046,17,_,46
017047.mp3,17_47.png,mp3,017047,017,047,17,_,47
017048.mp3,17_48.png,mp3,017048,017,048,17,_,48
017049.mp3,17_49.png,mp3,017049,017,049,17,_,49
017050.mp3,17_50.png,mp3,017050,017,050,17,_,50
017051_1.mp3,17_51.png,mp3,017051,017,051,17,_,51
017051_2.mp3,17_51.png,mp3,017051,017,051,17,_,51
017051_3.mp3,17_51.png,mp3,017051,017,051,17,_,51
017051_4.mp3,17_51.png,mp3,017051,017,051,17,_,51
017052.mp3,17_52.png,mp3,017052,017,052,17,_,52
017053.mp3,17_53.png,mp3,017053,017,053,17,_,53
017054.mp3,17_54.png,mp3,017054,017,054,17,_,54
017055_1.mp3,17_55.png,mp3,017055,017,055,17,_,55
017055_2.mp3,17_55.png,mp3,017055,017,055,17,_,55
017056.mp3,17_56.png,mp3,017056,017,056,17,_,56
017057_1.mp3,17_57.png,mp3,017057,017,057,17,_,57
017057_2.mp3,17_57.png,mp3,017057,017,057,17,_,57
017058_1.mp3,17_58.png,mp3,017058,017,058,17,_,58
017058_2.mp3,17_58.png,mp3,017058,017,058,17,_,58
017059_1.mp3,17_59.png,mp3,017059,017,059,17,_,59
017059_2.mp3,17_59.png,mp3,017059,017,059,17,_,59
017060_1.mp3,17_60.png,mp3,017060,017,060,17,_,60
017060_2.mp3,17_60.png,mp3,017060,017,060,17,_,60
017061.mp3,17_61.png,mp3,017061,017,061,17,_,61
017062_1.mp3,17_62.png,mp3,017062,017,062,17,_,62
017062_2.mp3,17_62.png,mp3,017062,017,062,17,_,62
017063.mp3,17_63.png,mp3,017063,017,063,17,_,63
017064.mp3,17_64.png,mp3,017064,017,064,17,_,64
017065_1.mp3,17_65.png,mp3,017065,017,065,17,_,65
017065_2.mp3,17_65.png,mp3,017065,017,065,17,_,65
017066.mp3,17_66.png,mp3,017066,017,066,17,_,66
017067_1.mp3,17_67.png,mp3,017067,017,067,17,_,67
017067_2.mp3,17_67.png,mp3,017067,017,067,17,_,67
017067_3.mp3,17_67.png,mp3,017067,017,067,17,_,67
017068.mp3,17_68.png,mp3,017068,017,068,17,_,68
017069_1.mp3,17_69.png,mp3,017069,017,069,17,_,69
017069_2.mp3,17_69.png,mp3,017069,017,069,17,_,69
017070_1.mp3,17_70.png,mp3,017070,017,070,17,_,70
017070_2.mp3,17_70.png,mp3,017070,017,070,17,_,70
017071_1.mp3,17_71.png,mp3,017071,017,071,17,_,71
017071_2.mp3,17_71.png,mp3,017071,017,071,17,_,71
017072.mp3,17_72.png,mp3,017072,017,072,17,_,72
017073.mp3,17_73.png,mp3,017073,017,073,17,_,73
017074.mp3,17_74.png,mp3,017074,017,074,17,_,74
017075.mp3,17_75.png,mp3,017075,017,075,17,_,75
017076.mp3,17_76.png,mp3,017076,017,076,17,_,76
017077.mp3,17_77.png,mp3,017077,017,077,17,_,77
017078_1.mp3,17_78.png,mp3,017078,017,078,17,_,78
017078_2.mp3,17_78.png,mp3,017078,017,078,17,_,78
017079.mp3,17_79.png,mp3,017079,017,079,17,_,79
017080.mp3,17_80.png,mp3,017080,017,080,17,_,80
017081.mp3,17_81.png,mp3,017081,017,081,17,_,81
017082.mp3,17_82.png,mp3,017082,017,082,17,_,82
017083.mp3,17_83.png,mp3,017083,017,083,17,_,83
017084.mp3,17_84.png,mp3,017084,017,084,17,_,84
017085.mp3,17_85.png,mp3,017085,017,085,17,_,85
017086.mp3,17_86.png,mp3,017086,017,086,17,_,86
017087_1.mp3,17_87.png,mp3,017087,017,087,17,_,87
017087_2.mp3,17_87.png,mp3,017087,017,087,17,_,87
017088_1.mp3,17_88.png,mp3,017088,017,088,17,_,88
017088_2.mp3,17_88.png,mp3,017088,017,088,17,_,88
017089.mp3,17_89.png,mp3,017089,017,089,17,_,89
017090.mp3,17_90.png,mp3,017090,017,090,17,_,90
017091.mp3,17_91.png,mp3,017091,017,091,17,_,91
017092.mp3,17_92.png,mp3,017092,017,092,17,_,92
017093_1.mp3,17_93.png,mp3,017093,017,093,17,_,93
017093_2.mp3,17_93.png,mp3,017093,017,093,17,_,93
017094.mp3,17_94.png,mp3,017094,017,094,17,_,94
017095.mp3,17_95.png,mp3,017095,017,095,17,_,95
017096_1.mp3,17_96.png,mp3,017096,017,096,17,_,96
017096_2.mp3,17_96.png,mp3,017096,017,096,17,_,96
017097_1.mp3,17_97.png,mp3,017097,017,097,17,_,97
017097_2.mp3,17_97.png,mp3,017097,017,097,17,_,97
017097_3.mp3,17_97.png,mp3,017097,017,097,17,_,97
017098.mp3,17_98.png,mp3,017098,017,098,17,_,98
017099_1.mp3,17_99.png,mp3,017099,017,099,17,_,99
017099_2.mp3,17_99.png,mp3,017099,017,099,17,_,99
017100_1.mp3,17_100.png,mp3,017100,017,100,17,_,100
017100_2.mp3,17_100.png,mp3,017100,017,100,17,_,100
017101_1.mp3,17_101.png,mp3,017101,017,101,17,_,101
017101_2.mp3,17_101.png,mp3,017101,017,101,17,_,101
017102.mp3,17_102.png,mp3,017102,017,102,17,_,102
017103.mp3,17_103.png,mp3,017103,017,103,17,_,103
017104.mp3,17_104.png,mp3,017104,017,104,17,_,104
017105.mp3,17_105.png,mp3,017105,017,105,17,_,105
017106.mp3,17_106.png,mp3,017106,017,106,17,_,106
017107.mp3,17_107.png,mp3,017107,017,107,17,_,107
017108.mp3,17_108.png,mp3,017108,017,108,17,_,108
017109.mp3,17_109.png,mp3,017109,017,109,17,_,109
017110_1.mp3,17_110.png,mp3,017110,017,110,17,_,110
017110_2.mp3,17_110.png,mp3,017110,017,110,17,_,110
017111.mp3,17_111.png,mp3,017111,017,111,17,_,111
018001_1.mp3,18_1.png,mp3,018001,018,001,18,_,1
018001_2.mp3,18_1.png,mp3,018001,018,001,18,_,1
018002.mp3,18_2.png,mp3,018002,018,002,18,_,2
018003.mp3,18_3.png,mp3,018003,018,003,18,_,3
018004.mp3,18_4.png,mp3,018004,018,004,18,_,4
018005.mp3,18_5.png,mp3,018005,018,005,18,_,5
018006.mp3,18_6.png,mp3,018006,018,006,18,_,6
018007.mp3,18_7.png,mp3,018007,018,007,18,_,7
018008.mp3,18_8.png,mp3,018008,018,008,18,_,8
018009.mp3,18_9.png,mp3,018009,018,009,18,_,9
018010.mp3,18_10.png,mp3,018010,018,010,18,_,10
018011.mp3,18_11.png,mp3,018011,018,011,18,_,11
018012.mp3,18_12.png,mp3,018012,018,012,18,_,12
018013_1.mp3,18_13.png,mp3,018013,018,013,18,_,13
018013_2.mp3,18_13.png,mp3,018013,018,013,18,_,13
018014_1.mp3,18_14.png,mp3,018014,018,014,18,_,14
018014_2.mp3,18_14.png,mp3,018014,018,014,18,_,14
018015_1.mp3,18_15.png,mp3,018015,018,015,18,_,15
018015_2.mp3,18_15.png,mp3,018015,018,015,18,_,15
018016_1.mp3,18_16.png,mp3,018016,018,016,18,_,16
018016_2.mp3,18_16.png,mp3,018016,018,016,18,_,16
018017_1.mp3,18_17.png,mp3,018017,018,017,18,_,17
018017_2.mp3,18_17.png,mp3,018017,018,017,18,_,17
018017_3.mp3,18_17.png,mp3,018017,018,017,18,_,17
018018.mp3,18_18.png,mp3,018018,018,018,18,_,18
018019_1.mp3,18_19.png,mp3,018019,018,019,18,_,19
018019_2.mp3,18_19.png,mp3,018019,018,019,18,_,19
018019_3.mp3,18_19.png,mp3,018019,018,019,18,_,19
018020.mp3,18_20.png,mp3,018020,018,020,18,_,20
018021_1.mp3,18_21.png,mp3,018021,018,021,18,_,21
018021_2.mp3,18_21.png,mp3,018021,018,021,18,_,21
018021_3.mp3,18_21.png,mp3,018021,018,021,18,_,21
018022_1.mp3,18_22.png,mp3,018022,018,022,18,_,22
018022_2.mp3,18_22.png,mp3,018022,018,022,18,_,22
018022_3.mp3,18_22.png,mp3,018022,018,022,18,_,22
018022_4.mp3,18_22.png,mp3,018022,018,022,18,_,22
018023.mp3,18_23.png,mp3,018023,018,023,18,_,23
018024.mp3,18_24.png,mp3,018024,018,024,18,_,24
018025.mp3,18_25.png,mp3,018025,018,025,18,_,25
018026.mp3,18_26.png,mp3,018026,018,026,18,_,26
018027.mp3,18_27.png,mp3,018027,018,027,18,_,27
018028_1.mp3,18_28.png,mp3,018028,018,028,18,_,28
018028_2.mp3,18_28.png,mp3,018028,018,028,18,_,28
018029_1.mp3,18_29.png,mp3,018029,018,029,18,_,29
018029_2.mp3,18_29.png,mp3,018029,018,029,18,_,29
018029_3.mp3,18_29.png,mp3,018029,018,029,18,_,29
018029_4.mp3,18_29.png,mp3,018029,018,029,18,_,29
018030.mp3,18_30.png,mp3,018030,018,030,18,_,30
018031_1.mp3,18_31.png,mp3,018031,018,031,18,_,31
018031_2.mp3,18_31.png,mp3,018031,018,031,18,_,31
018031_3.mp3,18_31.png,mp3,018031,018,031,18,_,31
018031_4.mp3,18_31.png,mp3,018031,018,031,18,_,31
018032.mp3,18_32.png,mp3,018032,018,032,18,_,32
018033.mp3,18_33.png,mp3,018033,018,033,18,_,33
018034.mp3,18_34.png,mp3,018034,018,034,18,_,34
018035.mp3,18_35.png,mp3,018035,018,035,18,_,35
018036.mp3,18_36.png,mp3,018036,018,036,18,_,36
018037_1.mp3,18_37.png,mp3,018037,018,037,18,_,37
018037_2.mp3,18_37.png,mp3,018037,018,037,18,_,37
018038.mp3,18_38.png,mp3,018038,018,038,18,_,38
018039_1.mp3,18_39.png,mp3,018039,018,039,18,_,39
018039_2.mp3,18_39.png,mp3,018039,018,039,18,_,39
018040.mp3,18_40.png,mp3,018040,018,040,18,_,40
018041.mp3,18_41.png,mp3,018041,018,041,18,_,41
018042_1.mp3,18_42.png,mp3,018042,018,042,18,_,42
018042_2.mp3,18_42.png,mp3,018042,018,042,18,_,42
018042_3.mp3,18_42.png,mp3,018042,018,042,18,_,42
018043.mp3,18_43.png,mp3,018043,018,043,18,_,43
018044_1.mp3,18_44.png,mp3,018044,018,044,18,_,44
018044_2.mp3,18_44.png,mp3,018044,018,044,18,_,44
018045_1.mp3,18_45.png,mp3,018045,018,045,18,_,45
018045_2.mp3,18_45.png,mp3,018045,018,045,18,_,45
018046.mp3,18_46.png,mp3,018046,018,046,18,_,46
018047.mp3,18_47.png,mp3,018047,018,047,18,_,47
018048_1.mp3,18_48.png,mp3,018048,018,048,18,_,48
018048_2.mp3,18_48.png,mp3,018048,018,048,18,_,48
018049.mp3,18_49.png,mp3,018049,018,049,18,_,49
018050_1.mp3,18_50.png,mp3,018050,018,050,18,_,50
018050_2.mp3,18_50.png,mp3,018050,018,050,18,_,50
018051.mp3,18_51.png,mp3,018051,018,051,18,_,51
018052.mp3,18_52.png,mp3,018052,018,052,18,_,52
018053.mp3,18_53.png,mp3,018053,018,053,18,_,53
018054_1.mp3,18_54.png,mp3,018054,018,054,18,_,54
018054_2.mp3,18_54.png,mp3,018054,018,054,18,_,54
018055_1.mp3,18_55.png,mp3,018055,018,055,18,_,55
018055_2.mp3,18_55.png,mp3,018055,018,055,18,_,55
018056_1.mp3,18_56.png,mp3,018056,018,056,18,_,56
018056_2.mp3,18_56.png,mp3,018056,018,056,18,_,56
018057_1.mp3,18_57.png,mp3,018057,018,057,18,_,57
018057_2.mp3,18_57.png,mp3,018057,018,057,18,_,57
018057_3.mp3,18_57.png,mp3,018057,018,057,18,_,57
018058.mp3,18_58.png,mp3,018058,018,058,18,_,58
018059.mp3,18_59.png,mp3,018059,018,059,18,_,59
018060.mp3,18_60.png,mp3,018060,018,060,18,_,60
018061.mp3,18_61.png,mp3,018061,018,061,18,_,61
018062.mp3,18_62.png,mp3,018062,018,062,18,_,62
018063_1.mp3,18_63.png,mp3,018063,018,063,18,_,63
018063_2.mp3,18_63.png,mp3,018063,018,063,18,_,63
018063_3.mp3,18_63.png,mp3,018063,018,063,18,_,63
018064.mp3,18_64.png,mp3,018064,018,064,18,_,64
018065.mp3,18_65.png,mp3,018065,018,065,18,_,65
018066.mp3,18_66.png,mp3,018066,018,066,18,_,66
018067.mp3,18_67.png,mp3,018067,018,067,18,_,67
018068.mp3,18_68.png,mp3,018068,018,068,18,_,68
018069.mp3,18_69.png,mp3,018069,018,069,18,_,69
018070.mp3,18_70.png,mp3,018070,018,070,18,_,70
018071_1.mp3,18_71.png,mp3,018071,018,071,18,_,71
018071_2.mp3,18_71.png,mp3,018071,018,071,18,_,71
018072.mp3,18_72.png,mp3,018072,018,072,18,_,72
018073.mp3,18_73.png,mp3,018073,018,073,18,_,73
018074_1.mp3,18_74.png,mp3,018074,018,074,18,_,74
018074_2.mp3,18_74.png,mp3,018074,018,074,18,_,74
018075.mp3,18_75.png,mp3,018075,018,075,18,_,75
018076.mp3,18_76.png,mp3,018076,018,076,18,_,76
018077_1.mp3,18_77.png,mp3,018077,018,077,18,_,77
018077_2.mp3,18_77.png,mp3,018077,018,077,18,_,77
018077_3.mp3,18_77.png,mp3,018077,018,077,18,_,77
018078.mp3,18_78.png,mp3,018078,018,078,18,_,78
018079_1.mp3,18_79.png,mp3,018079,018,079,18,_,79
018079_2.mp3,18_79.png,mp3,018079,018,079,18,_,79
018080.mp3,18_80.png,mp3,018080,018,080,18,_,80
018081.mp3,18_81.png,mp3,018081,018,081,18,_,81
018082_1.mp3,18_82.png,mp3,018082,018,082,18,_,82
018082_2.mp3,18_82.png,mp3,018082,018,082,18,_,82
018082_3.mp3,18_82.png,mp3,018082,018,082,18,_,82
018082_4.mp3,18_82.png,mp3,018082,018,082,18,_,82
018083.mp3,18_83.png,mp3,018083,018,083,18,_,83
018084.mp3,18_84.png,mp3,018084,018,084,18,_,84
018085.mp3,18_85.png,mp3,018085,018,085,18,_,85
018086_1.mp3,18_86.png,mp3,018086,018,086,18,_,86
018086_2.mp3,18_86.png,mp3,018086,018,086,18,_,86
018087.mp3,18_87.png,mp3,018087,018,087,18,_,87
018088.mp3,18_88.png,mp3,018088,018,088,18,_,88
018089.mp3,18_89.png,mp3,018089,018,089,18,_,89
018090.mp3,18_90.png,mp3,018090,018,090,18,_,90
018091.mp3,18_91.png,mp3,018091,018,091,18,_,91
018092.mp3,18_92.png,mp3,018092,018,092,18,_,92
018093.mp3,18_93.png,mp3,018093,018,093,18,_,93
018094.mp3,18_94.png,mp3,018094,018,094,18,_,94
018095.mp3,18_95.png,mp3,018095,018,095,18,_,95
018096_1.mp3,18_96.png,mp3,018096,018,096,18,_,96
018096_2.mp3,18_96.png,mp3,018096,018,096,18,_,96
018097.mp3,18_97.png,mp3,018097,018,097,18,_,97
018098_1.mp3,18_98.png,mp3,018098,018,098,18,_,98
018098_2.mp3,18_98.png,mp3,018098,018,098,18,_,98
018099.mp3,18_99.png,mp3,018099,018,099,18,_,99
018100.mp3,18_100.png,mp3,018100,018,100,18,_,100
018101.mp3,18_101.png,mp3,018101,018,101,18,_,101
018102_1.mp3,18_102.png,mp3,018102,018,102,18,_,102
018102_2.mp3,18_102.png,mp3,018102,018,102,18,_,102
018103.mp3,18_103.png,mp3,018103,018,103,18,_,103
018104.mp3,18_104.png,mp3,018104,018,104,18,_,104
018105.mp3,18_105.png,mp3,018105,018,105,18,_,105
018106.mp3,18_106.png,mp3,018106,018,106,18,_,106
018107.mp3,18_107.png,mp3,018107,018,107,18,_,107
018108.mp3,18_108.png,mp3,018108,018,108,18,_,108
018109.mp3,18_109.png,mp3,018109,018,109,18,_,109
018110_1.mp3,18_110.png,mp3,018110,018,110,18,_,110
018110_2.mp3,18_110.png,mp3,018110,018,110,18,_,110
019001.mp3,19_1.png,mp3,019001,019,001,19,_,1
019002.mp3,19_2.png,mp3,019002,019,002,19,_,2
019003.mp3,19_3.png,mp3,019003,019,003,19,_,3
019004.mp3,19_4.png,mp3,019004,019,004,19,_,4
019005.mp3,19_5.png,mp3,019005,019,005,19,_,5
019006.mp3,19_6.png,mp3,019006,019,006,19,_,6
019007.mp3,19_7.png,mp3,019007,019,007,19,_,7
019008.mp3,19_8.png,mp3,019008,019,008,19,_,8
019009.mp3,19_9.png,mp3,019009,019,009,19,_,9
019010_1.mp3,19_10.png,mp3,019010,019,010,19,_,10
019010_2.mp3,19_10.png,mp3,019010,019,010,19,_,10
019011.mp3,19_11.png,mp3,019011,019,011,19,_,11
019012.mp3,19_12.png,mp3,019012,019,012,19,_,12
019013.mp3,19_13.png,mp3,019013,019,013,19,_,13
019014.mp3,19_14.png,mp3,019014,019,014,19,_,14
019015.mp3,19_15.png,mp3,019015,019,015,19,_,15
019016.mp3,19_16.png,mp3,019016,019,016,19,_,16
019017.mp3,19_17.png,mp3,019017,019,017,19,_,17
019018.mp3,19_18.png,mp3,019018,019,018,19,_,18
019019.mp3,19_19.png,mp3,019019,019,019,19,_,19
019020.mp3,19_20.png,mp3,019020,019,020,19,_,20
019021_1.mp3,19_21.png,mp3,019021,019,021,19,_,21
019021_2.mp3,19_21.png,mp3,019021,019,021,19,_,21
019022.mp3,19_22.png,mp3,019022,019,022,19,_,22
019023.mp3,19_23.png,mp3,019023,019,023,19,_,23
019024.mp3,19_24.png,mp3,019024,019,024,19,_,24
019025.mp3,19_25.png,mp3,019025,019,025,19,_,25
019026_1.mp3,19_26.png,mp3,019026,019,026,19,_,26
019026_2.mp3,19_26.png,mp3,019026,019,026,19,_,26
019027_1.mp3,19_27.png,mp3,019027,019,027,19,_,27
019027_2.mp3,19_27.png,mp3,019027,019,027,19,_,27
019028.mp3,19_28.png,mp3,019028,019,028,19,_,28
019029.mp3,19_29.png,mp3,019029,019,029,19,_,29
019030.mp3,19_30.png,mp3,019030,019,030,19,_,30
019031.mp3,19_31.png,mp3,019031,019,031,19,_,31
019032.mp3,19_32.png,mp3,019032,019,032,19,_,32
019033.mp3,19_33.png,mp3,019033,019,033,19,_,33
019034_1.mp3,19_34.png,mp3,019034,019,034,19,_,34
019034_2.mp3,19_34.png,mp3,019034,019,034,19,_,34
019035_1.mp3,19_35.png,mp3,019035,019,035,19,_,35
019035_2.mp3,19_35.png,mp3,019035,019,035,19,_,35
019035_3.mp3,19_35.png,mp3,019035,019,035,19,_,35
019036.mp3,19_36.png,mp3,019036,019,036,19,_,36
019037_1.mp3,19_37.png,mp3,019037,019,037,19,_,37
019037_2.mp3,19_37.png,mp3,019037,019,037,19,_,37
019038.mp3,19_38.png,mp3,019038,019,038,19,_,38
019039.mp3,19_39.png,mp3,019039,019,039,19,_,39
019040.mp3,19_40.png,mp3,019040,019,040,19,_,40
019041_1.mp3,19_41.png,mp3,019041,019,041,19,_,41
019041_2.mp3,19_41.png,mp3,019041,019,041,19,_,41
019042.mp3,19_42.png,mp3,019042,019,042,19,_,42
019043.mp3,19_43.png,mp3,019043,019,043,19,_,43
019044_1.mp3,19_44.png,mp3,019044,019,044,19,_,44
019044_2.mp3,19_44.png,mp3,019044,019,044,19,_,44
019045.mp3,19_45.png,mp3,019045,019,045,19,_,45
019046_1.mp3,19_46.png,mp3,019046,019,046,19,_,46
019046_2.mp3,19_46.png,mp3,019046,019,046,19,_,46
019046_3.mp3,19_46.png,mp3,019046,019,046,19,_,46
019047_1.mp3,19_47.png,mp3,019047,019,047,19,_,47
019047_2.mp3,19_47.png,mp3,019047,019,047,19,_,47
019048.mp3,19_48.png,mp3,019048,019,048,19,_,48
019049_1.mp3,19_49.png,mp3,019049,019,049,19,_,49
019049_2.mp3,19_49.png,mp3,019049,019,049,19,_,49
019050.mp3,19_50.png,mp3,019050,019,050,19,_,50
019051_1.mp3,19_51.png,mp3,019051,019,051,19,_,51
019051_2.mp3,19_51.png,mp3,019051,019,051,19,_,51
019052.mp3,19_52.png,mp3,019052,019,052,19,_,52
019053.mp3,19_53.png,mp3,019053,019,053,19,_,53
019054_1.mp3,19_54.png,mp3,019054,019,054,19,_,54
019054_2.mp3,19_54.png,mp3,019054,019,054,19,_,54
019055.mp3,19_55.png,mp3,019055,019,055,19,_,55
019056_1.mp3,19_56.png,mp3,019056,019,056,19,_,56
019056_2.mp3,19_56.png,mp3,019056,019,056,19,_,56
019057.mp3,19_57.png,mp3,019057,019,057,19,_,57
019058_1.mp3,19_58.png,mp3,019058,019,058,19,_,58
019058_2.mp3,19_58.png,mp3,019058,019,058,19,_,58
019058_3.mp3,19_58.png,mp3,019058,019,058,19,_,58
019059_1.mp3,19_59.png,mp3,019059,019,059,19,_,59
019059_2.mp3,19_59.png,mp3,019059,019,059,19,_,59
019060.mp3,19_60.png,mp3,019060,019,060,19,_,60
019061.mp3,19_61.png,mp3,019061,019,061,19,_,61
019062_1.mp3,19_62.png,mp3,019062,019,062,19,_,62
019062_2.mp3,19_62.png,mp3,019062,019,062,19,_,62
019063.mp3,19_63.png,mp3,019063,019,063,19,_,63
019064_1.mp3,19_64.png,mp3,019064,019,064,19,_,64
019064_2.mp3,19_64.png,mp3,019064,019,064,19,_,64
019064_3.mp3,19_64.png,mp3,019064,019,064,19,_,64
019065_1.mp3,19_65.png,mp3,019065,019,065,19,_,65
019065_2.mp3,19_65.png,mp3,019065,019,065,19,_,65
019066.mp3,19_66.png,mp3,019066,019,066,19,_,66
019067.mp3,19_67.png,mp3,019067,019,067,19,_,67
019068.mp3,19_68.png,mp3,019068,019,068,19,_,68
019069.mp3,19_69.png,mp3,019069,019,069,19,_,69
019070.mp3,19_70.png,mp3,019070,019,070,19,_,70
019071.mp3,19_71.png,mp3,019071,019,071,19,_,71
019072.mp3,19_72.png,mp3,019072,019,072,19,_,72
019073_1.mp3,19_73.png,mp3,019073,019,073,19,_,73
019073_2.mp3,19_73.png,mp3,019073,019,073,19,_,73
019074.mp3,19_74.png,mp3,019074,019,074,19,_,74
019075_1.mp3,19_75.png,mp3,019075,019,075,19,_,75
019075_2.mp3,19_75.png,mp3,019075,019,075,19,_,75
019076.mp3,19_76.png,mp3,019076,019,076,19,_,76
019077.mp3,19_77.png,mp3,019077,019,077,19,_,77
019078.mp3,19_78.png,mp3,019078,019,078,19,_,78
019079_1.mp3,19_79.png,mp3,019079,019,079,19,_,79
019079_2.mp3,19_79.png,mp3,019079,019,079,19,_,79
019080.mp3,19_80.png,mp3,019080,019,080,19,_,80
019081.mp3,19_81.png,mp3,019081,019,081,19,_,81
019082_1.mp3,19_82.png,mp3,019082,019,082,19,_,82
019082_2.mp3,19_82.png,mp3,019082,019,082,19,_,82
019083.mp3,19_83.png,mp3,019083,019,083,19,_,83
019084_1.mp3,19_84.png,mp3,019084,019,084,19,_,84
019084_2.mp3,19_84.png,mp3,019084,019,084,19,_,84
019085.mp3,19_85.png,mp3,019085,019,085,19,_,85
019086.mp3,19_86.png,mp3,019086,019,086,19,_,86
019087.mp3,19_87.png,mp3,019087,019,087,19,_,87
019088.mp3,19_88.png,mp3,019088,019,088,19,_,88
019089.mp3,19_89.png,mp3,019089,019,089,19,_,89
019090.mp3,19_90.png,mp3,019090,019,090,19,_,90
019091.mp3,19_91.png,mp3,019091,019,091,19,_,91
019092.mp3,19_92.png,mp3,019092,019,092,19,_,92
019093.mp3,19_93.png,mp3,019093,019,093,19,_,93
019094.mp3,19_94.png,mp3,019094,019,094,19,_,94
019095.mp3,19_95.png,mp3,019095,019,095,19,_,95
019096.mp3,19_96.png,mp3,019096,019,096,19,_,96
019097.mp3,19_97.png,mp3,019097,019,097,19,_,97
019098.mp3,19_98.png,mp3,019098,019,098,19,_,98
020001.mp3,20_1.png,mp3,020001,020,001,20,_,1
020002.mp3,20_2.png,mp3,020002,020,002,20,_,2
020003.mp3,20_3.png,mp3,020003,020,003,20,_,3
020004.mp3,20_4.png,mp3,020004,020,004,20,_,4
020005.mp3,20_5.png,mp3,020005,020,005,20,_,5
020006.mp3,20_6.png,mp3,020006,020,006,20,_,6
020007.mp3,20_7.png,mp3,020007,020,007,20,_,7
020008.mp3,20_8.png,mp3,020008,020,008,20,_,8
020009.mp3,20_9.png,mp3,020009,020,009,20,_,9
020010_1.mp3,20_10.png,mp3,020010,020,010,20,_,10
020010_2.mp3,20_10.png,mp3,020010,020,010,20,_,10
020011.mp3,20_11.png,mp3,020011,020,011,20,_,11
020012_1.mp3,20_12.png,mp3,020012,020,012,20,_,12
020012_2.mp3,20_12.png,mp3,020012,020,012,20,_,12
020013.mp3,20_13.png,mp3,020013,020,013,20,_,13
020014.mp3,20_14.png,mp3,020014,020,014,20,_,14
020015.mp3,20_15.png,mp3,020015,020,015,20,_,15
020016.mp3,20_16.png,mp3,020016,020,016,20,_,16
020017.mp3,20_17.png,mp3,020017,020,017,20,_,17
020018.mp3,20_18.png,mp3,020018,020,018,20,_,18
020019.mp3,20_19.png,mp3,020019,020,019,20,_,19
020020.mp3,20_20.png,mp3,020020,020,020,20,_,20
020021.mp3,20_21.png,mp3,020021,020,021,20,_,21
020022.mp3,20_22.png,mp3,020022,020,022,20,_,22
020023.mp3,20_23.png,mp3,020023,020,023,20,_,23
020024.mp3,20_24.png,mp3,020024,020,024,20,_,24
020025.mp3,20_25.png,mp3,020025,020,025,20,_,25
020026.mp3,20_26.png,mp3,020026,020,026,20,_,26
020027.mp3,20_27.png,mp3,020027,020,027,20,_,27
020028.mp3,20_28.png,mp3,020028,020,028,20,_,28
020029.mp3,20_29.png,mp3,020029,020,029,20,_,29
020030.mp3,20_30.png,mp3,020030,020,030,20,_,30
020031.mp3,20_31.png,mp3,020031,020,031,20,_,31
020032.mp3,20_32.png,mp3,020032,020,032,20,_,32
020033.mp3,20_33.png,mp3,020033,020,033,20,_,33
020034.mp3,20_34.png,mp3,020034,020,034,20,_,34
020035.mp3,20_35.png,mp3,020035,020,035,20,_,35
020036.mp3,20_36.png,mp3,020036,020,036,20,_,36
020037.mp3,20_37.png,mp3,020037,020,037,20,_,37
020038.mp3,20_38.png,mp3,020038,020,038,20,_,38
020039_1.mp3,20_39.png,mp3,020039,020,039,20,_,39
020039_2.mp3,20_39.png,mp3,020039,020,039,20,_,39
020040_1.mp3,20_40.png,mp3,020040,020,040,20,_,40
020040_2.mp3,20_40.png,mp3,020040,020,040,20,_,40
020040_3.mp3,20_40.png,mp3,020040,020,040,20,_,40
020041.mp3,20_41.png,mp3,020041,020,041,20,_,41
020042.mp3,20_42.png,mp3,020042,020,042,20,_,42
020043.mp3,20_43.png,mp3,020043,020,043,20,_,43
020044.mp3,20_44.png,mp3,020044,020,044,20,_,44
020045.mp3,20_45.png,mp3,020045,020,045,20,_,45
020046.mp3,20_46.png,mp3,020046,020,046,20,_,46
020047_1.mp3,20_47.png,mp3,020047,020,047,20,_,47
020047_2.mp3,20_47.png,mp3,020047,020,047,20,_,47
020048.mp3,20_48.png,mp3,020048,020,048,20,_,48
020049.mp3,20_49.png,mp3,020049,020,049,20,_,49
020050.mp3,20_50.png,mp3,020050,020,050,20,_,50
020051.mp3,20_51.png,mp3,020051,020,051,20,_,51
020052.mp3,20_52.png,mp3,020052,020,052,20,_,52
020053_1.mp3,20_53.png,mp3,020053,020,053,20,_,53
020053_2.mp3,20_53.png,mp3,020053,020,053,20,_,53
020054_1.mp3,20_54.png,mp3,020054,020,054,20,_,54
020054_2.mp3,20_54.png,mp3,020054,020,054,20,_,54
020055.mp3,20_55.png,mp3,020055,020,055,20,_,55
020056.mp3,20_56.png,mp3,020056,020,056,20,_,56
020057.mp3,20_57.png,mp3,020057,020,057,20,_,57
020058.mp3,20_58.png,mp3,020058,020,058,20,_,58
020059.mp3,20_59.png,mp3,020059,020,059,20,_,59
020060.mp3,20_60.png,mp3,020060,020,060,20,_,60
020061.mp3,20_61.png,mp3,020061,020,061,20,_,61
020062.mp3,20_62.png,mp3,020062,020,062,20,_,62
020063.mp3,20_63.png,mp3,020063,020,063,20,_,63
020064.mp3,20_64.png,mp3,020064,020,064,20,_,64
020065.mp3,20_65.png,mp3,020065,020,065,20,_,65
020066_1.mp3,20_66.png,mp3,020066,020,066,20,_,66
020066_2.mp3,20_66.png,mp3,020066,020,066,20,_,66
020067.mp3,20_67.png,mp3,020067,020,067,20,_,67
020068.mp3,20_68.png,mp3,020068,020,068,20,_,68
020069_1.mp3,20_69.png,mp3,020069,020,069,20,_,69
020069_2.mp3,20_69.png,mp3,020069,020,069,20,_,69
020070.mp3,20_70.png,mp3,020070,020,070,20,_,70
020071_1.mp3,20_71.png,mp3,020071,020,071,20,_,71
020071_2.mp3,20_71.png,mp3,020071,020,071,20,_,71
020071_3.mp3,20_71.png,mp3,020071,020,071,20,_,71
020071_4.mp3,20_71.png,mp3,020071,020,071,20,_,71
020072_1.mp3,20_72.png,mp3,020072,020,072,20,_,72
020072_2.mp3,20_72.png,mp3,020072,020,072,20,_,72
020073_1.mp3,20_73.png,mp3,020073,020,073,20,_,73
020073_2.mp3,20_73.png,mp3,020073,020,073,20,_,73
020074.mp3,20_74.png,mp3,020074,020,074,20,_,74
020075.mp3,20_75.png,mp3,020075,020,075,20,_,75
020076_1.mp3,20_76.png,mp3,020076,020,076,20,_,76
020076_2.mp3,20_76.png,mp3,020076,020,076,20,_,76
020077.mp3,20_77.png,mp3,020077,020,077,20,_,77
020078.mp3,20_78.png,mp3,020078,020,078,20,_,78
020079.mp3,20_79.png,mp3,020079,020,079,20,_,79
020080_1.mp3,20_80.png,mp3,020080,020,080,20,_,80
020080_2.mp3,20_80.png,mp3,020080,020,080,20,_,80
020081_1.mp3,20_81.png,mp3,020081,020,081,20,_,81
020081_2.mp3,20_81.png,mp3,020081,020,081,20,_,81
020082.mp3,20_82.png,mp3,020082,020,082,20,_,82
020083.mp3,20_83.png,mp3,020083,020,083,20,_,83
020084.mp3,20_84.png,mp3,020084,020,084,20,_,84
020085.mp3,20_85.png,mp3,020085,020,085,20,_,85
020086_1.mp3,20_86.png,mp3,020086,020,086,20,_,86
020086_2.mp3,20_86.png,mp3,020086,020,086,20,_,86
020087_1.mp3,20_87.png,mp3,020087,020,087,20,_,87
020087_2.mp3,20_87.png,mp3,020087,020,087,20,_,87
020088.mp3,20_88.png,mp3,020088,020,088,20,_,88
020089.mp3,20_89.png,mp3,020089,020,089,20,_,89
020090_1.mp3,20_90.png,mp3,020090,020,090,20,_,90
020090_2.mp3,20_90.png,mp3,020090,020,090,20,_,90
020091.mp3,20_91.png,mp3,020091,020,091,20,_,91
020092.mp3,20_92.png,mp3,020092,020,092,20,_,92
020093.mp3,20_93.png,mp3,020093,020,093,20,_,93
020094_1.mp3,20_94.png,mp3,020094,020,094,20,_,94
020094_2.mp3,20_94.png,mp3,020094,020,094,20,_,94
020095.mp3,20_95.png,mp3,020095,020,095,20,_,95
020096.mp3,20_96.png,mp3,020096,020,096,20,_,96
020097.mp3,20_97.png,mp3,020097,020,097,20,_,97
020098_1.mp3,20_98.png,mp3,020098,020,098,20,_,98
020098_2.mp3,20_98.png,mp3,020098,020,098,20,_,98
020099.mp3,20_99.png,mp3,020099,020,099,20,_,99
020100.mp3,20_100.png,mp3,020100,020,100,20,_,100
020101_1.mp3,20_101.png,mp3,020101,020,101,20,_,101
020101_2.mp3,20_101.png,mp3,020101,020,101,20,_,101
020102.mp3,20_102.png,mp3,020102,020,102,20,_,102
020103.mp3,20_103.png,mp3,020103,020,103,20,_,103
020104.mp3,20_104.png,mp3,020104,020,104,20,_,104
020105.mp3,20_105.png,mp3,020105,020,105,20,_,105
020106.mp3,20_106.png,mp3,020106,020,106,20,_,106
020107.mp3,20_107.png,mp3,020107,020,107,20,_,107
020108_1.mp3,20_108.png,mp3,020108,020,108,20,_,108
020108_2.mp3,20_108.png,mp3,020108,020,108,20,_,108
020109.mp3,20_109.png,mp3,020109,020,109,20,_,109
020110.mp3,20_110.png,mp3,020110,020,110,20,_,110
020111.mp3,20_111.png,mp3,020111,020,111,20,_,111
020112.mp3,20_112.png,mp3,020112,020,112,20,_,112
020113.mp3,20_113.png,mp3,020113,020,113,20,_,113
020114.mp3,20_114.png,mp3,020114,020,114,20,_,114
020115.mp3,20_115.png,mp3,020115,020,115,20,_,115
020116.mp3,20_116.png,mp3,020116,020,116,20,_,116
020117.mp3,20_117.png,mp3,020117,020,117,20,_,117
020118.mp3,20_118.png,mp3,020118,020,118,20,_,118
020119.mp3,20_119.png,mp3,020119,020,119,20,_,119
020120.mp3,20_120.png,mp3,020120,020,120,20,_,120
020121_1.mp3,20_121.png,mp3,020121,020,121,20,_,121
020121_2.mp3,20_121.png,mp3,020121,020,121,20,_,121
020122.mp3,20_122.png,mp3,020122,020,122,20,_,122
020123_1.mp3,20_123.png,mp3,020123,020,123,20,_,123
020123_2.mp3,20_123.png,mp3,020123,020,123,20,_,123
020124.mp3,20_124.png,mp3,020124,020,124,20,_,124
020125.mp3,20_125.png,mp3,020125,020,125,20,_,125
020126.mp3,20_126.png,mp3,020126,020,126,20,_,126
020127_1.mp3,20_127.png,mp3,020127,020,127,20,_,127
020127_2.mp3,20_127.png,mp3,020127,020,127,20,_,127
020128_1.mp3,20_128.png,mp3,020128,020,128,20,_,128
020128_2.mp3,20_128.png,mp3,020128,020,128,20,_,128
020129.mp3,20_129.png,mp3,020129,020,129,20,_,129
020130.mp3,20_130.png,mp3,020130,020,130,20,_,130
020131_1.mp3,20_131.png,mp3,020131,020,131,20,_,131
020131_2.mp3,20_131.png,mp3,020131,020,131,20,_,131
020132_1.mp3,20_132.png,mp3,020132,020,132,20,_,132
020132_2.mp3,20_132.png,mp3,020132,020,132,20,_,132
020133_1.mp3,20_133.png,mp3,020133,020,133,20,_,133
020133_2.mp3,20_133.png,mp3,020133,020,133,20,_,133
020134_1.mp3,20_134.png,mp3,020134,020,134,20,_,134
020134_2.mp3,20_134.png,mp3,020134,020,134,20,_,134
020135_1.mp3,20_135.png,mp3,020135,020,135,20,_,135
020135_2.mp3,20_135.png,mp3,020135,020,135,20,_,135
021001_1.mp3,21_1.png,mp3,021001,021,001,21,_,1
021001_2.mp3,21_1.png,mp3,021001,021,001,21,_,1
021002.mp3,21_2.png,mp3,021002,021,002,21,_,2
021003_1.mp3,21_3.png,mp3,021003,021,003,21,_,3
021003_2.mp3,21_3.png,mp3,021003,021,003,21,_,3
021004_1.mp3,21_4.png,mp3,021004,021,004,21,_,4
021004_2.mp3,21_4.png,mp3,021004,021,004,21,_,4
021005_1.mp3,21_5.png,mp3,021005,021,005,21,_,5
021005_2.mp3,21_5.png,mp3,021005,021,005,21,_,5
021006.mp3,21_6.png,mp3,021006,021,006,21,_,6
021007_1.mp3,21_7.png,mp3,021007,021,007,21,_,7
021007_2.mp3,21_7.png,mp3,021007,021,007,21,_,7
021008.mp3,21_8.png,mp3,021008,021,008,21,_,8
021009.mp3,21_9.png,mp3,021009,021,009,21,_,9
021010_1.mp3,21_10.png,mp3,021010,021,010,21,_,10
021010_2.mp3,21_10.png,mp3,021010,021,010,21,_,10
021011.mp3,21_11.png,mp3,021011,021,011,21,_,11
021012.mp3,21_12.png,mp3,021012,021,012,21,_,12
021013.mp3,21_13.png,mp3,021013,021,013,21,_,13
021014.mp3,21_14.png,mp3,021014,021,014,21,_,14
021015.mp3,21_15.png,mp3,021015,021,015,21,_,15
021016.mp3,21_16.png,mp3,021016,021,016,21,_,16
021017.mp3,21_17.png,mp3,021017,021,017,21,_,17
021018.mp3,21_18.png,mp3,021018,021,018,21,_,18
021019.mp3,21_19.png,mp3,021019,021,019,21,_,19
021020.mp3,21_20.png,mp3,021020,021,020,21,_,20
021021.mp3,21_21.png,mp3,021021,021,021,21,_,21
021022_1.mp3,21_22.png,mp3,021022,021,022,21,_,22
021022_2.mp3,21_22.png,mp3,021022,021,022,21,_,22
021023.mp3,21_23.png,mp3,021023,021,023,21,_,23
021024_1.mp3,21_24.png,mp3,021024,021,024,21,_,24
021024_2.mp3,21_24.png,mp3,021024,021,024,21,_,24
021024_3.mp3,21_24.png,mp3,021024,021,024,21,_,24
021025.mp3,21_25.png,mp3,021025,021,025,21,_,25
021026_1.mp3,21_26.png,mp3,021026,021,026,21,_,26
021026_2.mp3,21_26.png,mp3,021026,021,026,21,_,26
021027.mp3,21_27.png,mp3,021027,021,027,21,_,27
021028.mp3,21_28.png,mp3,021028,021,028,21,_,28
021029_1.mp3,21_29.png,mp3,021029,021,029,21,_,29
021029_2.mp3,21_29.png,mp3,021029,021,029,21,_,29
021030_1.mp3,21_30.png,mp3,021030,021,030,21,_,30
021030_2.mp3,21_30.png,mp3,021030,021,030,21,_,30
021030_3.mp3,21_30.png,mp3,021030,021,030,21,_,30
021031.mp3,21_31.png,mp3,021031,021,031,21,_,31
021032.mp3,21_32.png,mp3,021032,021,032,21,_,32
021033.mp3,21_33.png,mp3,021033,021,033,21,_,33
021034_1.mp3,21_34.png,mp3,021034,021,034,21,_,34
021034_2.mp3,21_34.png,mp3,021034,021,034,21,_,34
021035_1.mp3,21_35.png,mp3,021035,021,035,21,_,35
021035_2.mp3,21_35.png,mp3,021035,021,035,21,_,35
021036.mp3,21_36.png,mp3,021036,021,036,21,_,36
021037.mp3,21_37.png,mp3,021037,021,037,21,_,37
021038.mp3,21_38.png,mp3,021038,021,038,21,_,38
021039.mp3,21_39.png,mp3,021039,021,039,21,_,39
021040.mp3,21_40.png,mp3,021040,021,040,21,_,40
021041.mp3,21_41.png,mp3,021041,021,041,21,_,41
021042.mp3,21_42.png,mp3,021042,021,042,21,_,42
021043.mp3,21_43.png,mp3,021043,021,043,21,_,43
021044_1.mp3,21_44.png,mp3,021044,021,044,21,_,44
021044_2.mp3,21_44.png,mp3,021044,021,044,21,_,44
021045_1.mp3,21_45.png,mp3,021045,021,045,21,_,45
021045_2.mp3,21_45.png,mp3,021045,021,045,21,_,45
021046.mp3,21_46.png,mp3,021046,021,046,21,_,46
021047.mp3,21_47.png,mp3,021047,021,047,21,_,47
021048.mp3,21_48.png,mp3,021048,021,048,21,_,48
021049.mp3,21_49.png,mp3,021049,021,049,21,_,49
021050.mp3,21_50.png,mp3,021050,021,050,21,_,50
021051.mp3,21_51.png,mp3,021051,021,051,21,_,51
021052.mp3,21_52.png,mp3,021052,021,052,21,_,52
021053.mp3,21_53.png,mp3,021053,021,053,21,_,53
021054.mp3,21_54.png,mp3,021054,021,054,21,_,54
021055.mp3,21_55.png,mp3,021055,021,055,21,_,55
021056.mp3,21_56.png,mp3,021056,021,056,21,_,56
021057.mp3,21_57.png,mp3,021057,021,057,21,_,57
021058.mp3,21_58.png,mp3,021058,021,058,21,_,58
021059.mp3,21_59.png,mp3,021059,021,059,21,_,59
021060.mp3,21_60.png,mp3,021060,021,060,21,_,60
021061.mp3,21_61.png,mp3,021061,021,061,21,_,61
021062.mp3,21_62.png,mp3,021062,021,062,21,_,62
021063.mp3,21_63.png,mp3,021063,021,063,21,_,63
021064.mp3,21_64.png,mp3,021064,021,064,21,_,64
021065.mp3,21_65.png,mp3,021065,021,065,21,_,65
021066.mp3,21_66.png,mp3,021066,021,066,21,_,66
021067.mp3,21_67.png,mp3,021067,021,067,21,_,67
021068.mp3,21_68.png,mp3,021068,021,068,21,_,68
021069.mp3,21_69.png,mp3,021069,021,069,21,_,69
021070.mp3,21_70.png,mp3,021070,021,070,21,_,70
021071.mp3,21_71.png,mp3,021071,021,071,21,_,71
021072.mp3,21_72.png,mp3,021072,021,072,21,_,72
021073_1.mp3,21_73.png,mp3,021073,021,073,21,_,73
021073_2.mp3,21_73.png,mp3,021073,021,073,21,_,73
021074_1.mp3,21_74.png,mp3,021074,021,074,21,_,74
021074_2.mp3,21_74.png,mp3,021074,021,074,21,_,74
021075.mp3,21_75.png,mp3,021075,021,075,21,_,75
021076.mp3,21_76.png,mp3,021076,021,076,21,_,76
021077.mp3,21_77.png,mp3,021077,021,077,21,_,77
021078.mp3,21_78.png,mp3,021078,021,078,21,_,78
021079.mp3,21_79.png,mp3,021079,021,079,21,_,79
021080_1.mp3,21_80.png,mp3,021080,021,080,21,_,80
021080_2.mp3,21_80.png,mp3,021080,021,080,21,_,80
021081_1.mp3,21_81.png,mp3,021081,021,081,21,_,81
021081_2.mp3,21_81.png,mp3,021081,021,081,21,_,81
021082_1.mp3,21_82.png,mp3,021082,021,082,21,_,82
021082_2.mp3,21_82.png,mp3,021082,021,082,21,_,82
021083.mp3,21_83.png,mp3,021083,021,083,21,_,83
021084_1.mp3,21_84.png,mp3,021084,021,084,21,_,84
021084_2.mp3,21_84.png,mp3,021084,021,084,21,_,84
021085_1.mp3,21_85.png,mp3,021085,021,085,21,_,85
021085_2.mp3,21_85.png,mp3,021085,021,085,21,_,85
021086.mp3,21_86.png,mp3,021086,021,086,21,_,86
021087_1.mp3,21_87.png,mp3,021087,021,087,21,_,87
021087_2.mp3,21_87.png,mp3,021087,021,087,21,_,87
021088_1.mp3,21_88.png,mp3,021088,021,088,21,_,88
021088_2.mp3,21_88.png,mp3,021088,021,088,21,_,88
021089.mp3,21_89.png,mp3,021089,021,089,21,_,89
021090_1.mp3,21_90.png,mp3,021090,021,090,21,_,90
021090_2.mp3,21_90.png,mp3,021090,021,090,21,_,90
021091.mp3,21_91.png,mp3,021091,021,091,21,_,91
021092.mp3,21_92.png,mp3,021092,021,092,21,_,92
021093.mp3,21_93.png,mp3,021093,021,093,21,_,93
021094.mp3,21_94.png,mp3,021094,021,094,21,_,94
021095.mp3,21_95.png,mp3,021095,021,095,21,_,95
021096.mp3,21_96.png,mp3,021096,021,096,21,_,96
021097_1.mp3,21_97.png,mp3,021097,021,097,21,_,97
021097_2.mp3,21_97.png,mp3,021097,021,097,21,_,97
021098.mp3,21_98.png,mp3,021098,021,098,21,_,98
021099.mp3,21_99.png,mp3,021099,021,099,21,_,99
021100.mp3,21_100.png,mp3,021100,021,100,21,_,100
021101.mp3,21_101.png,mp3,021101,021,101,21,_,101
021102.mp3,21_102.png,mp3,021102,021,102,21,_,102
021103.mp3,21_103.png,mp3,021103,021,103,21,_,103
021104_1.mp3,21_104.png,mp3,021104,021,104,21,_,104
021104_2.mp3,21_104.png,mp3,021104,021,104,21,_,104
021105.mp3,21_105.png,mp3,021105,021,105,21,_,105
021106.mp3,21_106.png,mp3,021106,021,106,21,_,106
021107.mp3,21_107.png,mp3,021107,021,107,21,_,107
021108.mp3,21_108.png,mp3,021108,021,108,21,_,108
021109.mp3,21_109.png,mp3,021109,021,109,21,_,109
021110.mp3,21_110.png,mp3,021110,021,110,21,_,110
021111.mp3,21_111.png,mp3,021111,021,111,21,_,111
021112_1.mp3,21_112.png,mp3,021112,021,112,21,_,112
021112_2.mp3,21_112.png,mp3,021112,021,112,21,_,112
022001_1.mp3,22_1.png,mp3,022001,022,001,22,_,1
022001_2.mp3,22_1.png,mp3,022001,022,001,22,_,1
022001_3.mp3,22_1.png,mp3,022001,022,001,22,_,1
022002_1.mp3,22_2.png,mp3,022002,022,002,22,_,2
022002_2.mp3,22_2.png,mp3,022002,022,002,22,_,2
022003.mp3,22_3.png,mp3,022003,022,003,22,_,3
022004.mp3,22_4.png,mp3,022004,022,004,22,_,4
022005_1.mp3,22_5.png,mp3,022005,022,005,22,_,5
022005_2.mp3,22_5.png,mp3,022005,022,005,22,_,5
022005_3.mp3,22_5.png,mp3,022005,022,005,22,_,5
022005_4.mp3,22_5.png,mp3,022005,022,005,22,_,5
022005_5.mp3,22_5.png,mp3,022005,022,005,22,_,5
022006.mp3,22_6.png,mp3,022006,022,006,22,_,6
022007.mp3,22_7.png,mp3,022007,022,007,22,_,7
022008.mp3,22_8.png,mp3,022008,022,008,22,_,8
022009.mp3,22_9.png,mp3,022009,022,009,22,_,9
022010.mp3,22_10.png,mp3,022010,022,010,22,_,10
022011_1.mp3,22_11.png,mp3,022011,022,011,22,_,11
022011_2.mp3,22_11.png,mp3,022011,022,011,22,_,11
022011_3.mp3,22_11.png,mp3,022011,022,011,22,_,11
022012_1.mp3,22_12.png,mp3,022012,022,012,22,_,12
022012_2.mp3,22_12.png,mp3,022012,022,012,22,_,12
022013.mp3,22_13.png,mp3,022013,022,013,22,_,13
022014_1.mp3,22_14.png,mp3,022014,022,014,22,_,14
022014_2.mp3,22_14.png,mp3,022014,022,014,22,_,14
022015_1.mp3,22_15.png,mp3,022015,022,015,22,_,15
022015_2.mp3,22_15.png,mp3,022015,022,015,22,_,15
022016.mp3,22_16.png,mp3,022016,022,016,22,_,16
022017_1.mp3,22_17.png,mp3,022017,022,017,22,_,17
022017_2.mp3,22_17.png,mp3,022017,022,017,22,_,17
022018_1.mp3,22_18.png,mp3,022018,022,018,22,_,18
022018_2.mp3,22_18.png,mp3,022018,022,018,22,_,18
022019_1.mp3,22_19.png,mp3,022019,022,019,22,_,19
022019_2.mp3,22_19.png,mp3,022019,022,019,22,_,19
022020.mp3,22_20.png,mp3,022020,022,020,22,_,20
022021.mp3,22_21.png,mp3,022021,022,021,22,_,21
022022.mp3,22_22.png,mp3,022022,022,022,22,_,22
022023_1.mp3,22_23.png,mp3,022023,022,023,22,_,23
022023_2.mp3,22_23.png,mp3,022023,022,023,22,_,23
022023_3.mp3,22_23.png,mp3,022023,022,023,22,_,23
022024.mp3,22_24.png,mp3,022024,022,024,22,_,24
022025_1.mp3,22_25.png,mp3,022025,022,025,22,_,25
022025_2.mp3,22_25.png,mp3,022025,022,025,22,_,25
022026.mp3,22_26.png,mp3,022026,022,026,22,_,26
022027.mp3,22_27.png,mp3,022027,022,027,22,_,27
022028_1.mp3,22_28.png,mp3,022028,022,028,22,_,28
022028_2.mp3,22_28.png,mp3,022028,022,028,22,_,28
022029.mp3,22_29.png,mp3,022029,022,029,22,_,29
022030.mp3,22_30.png,mp3,022030,022,030,22,_,30
022031_1.mp3,22_31.png,mp3,022031,022,031,22,_,31
022031_2.mp3,22_31.png,mp3,022031,022,031,22,_,31
022032_1.mp3,22_32.png,mp3,022032,022,032,22,_,32
022032_2.mp3,22_32.png,mp3,022032,022,032,22,_,32
022033.mp3,22_33.png,mp3,022033,022,033,22,_,33
022034_1.mp3,22_34.png,mp3,022034,022,034,22,_,34
022034_2.mp3,22_34.png,mp3,022034,022,034,22,_,34
022035.mp3,22_35.png,mp3,022035,022,035,22,_,35
022036_1.mp3,22_36.png,mp3,022036,022,036,22,_,36
022036_2.mp3,22_36.png,mp3,022036,022,036,22,_,36
022036_3.mp3,22_36.png,mp3,022036,022,036,22,_,36
022036_4.mp3,22_36.png,mp3,022036,022,036,22,_,36
022037_1.mp3,22_37.png,mp3,022037,022,037,22,_,37
022037_2.mp3,22_37.png,mp3,022037,022,037,22,_,37
022037_3.mp3,22_37.png,mp3,022037,022,037,22,_,37
022038.mp3,22_38.png,mp3,022038,022,038,22,_,38
022039_1.mp3,22_39.png,mp3,022039,022,039,22,_,39
022039_2.mp3,22_39.png,mp3,022039,022,039,22,_,39
022040_1.mp3,22_40.png,mp3,022040,022,040,22,_,40
022040_2.mp3,22_40.png,mp3,022040,022,040,22,_,40
022040_3.mp3,22_40.png,mp3,022040,022,040,22,_,40
022040_4.mp3,22_40.png,mp3,022040,022,040,22,_,40
022041_1.mp3,22_41.png,mp3,022041,022,041,22,_,41
022041_2.mp3,22_41.png,mp3,022041,022,041,22,_,41
022042.mp3,22_42.png,mp3,022042,022,042,22,_,42
022043.mp3,22_43.png,mp3,022043,022,043,22,_,43
022044_1.mp3,22_44.png,mp3,022044,022,044,22,_,44
022044_2.mp3,22_44.png,mp3,022044,022,044,22,_,44
022045_1.mp3,22_45.png,mp3,022045,022,045,22,_,45
022045_2.mp3,22_45.png,mp3,022045,022,045,22,_,45
022046.mp3,22_46.png,mp3,022046,022,046,22,_,46
022047.mp3,22_47.png,mp3,022047,022,047,22,_,47
022048.mp3,22_48.png,mp3,022048,022,048,22,_,48
022049.mp3,22_49.png,mp3,022049,022,049,22,_,49
022050.mp3,22_50.png,mp3,022050,022,050,22,_,50
022051.mp3,22_51.png,mp3,022051,022,051,22,_,51
022052_1.mp3,22_52.png,mp3,022052,022,052,22,_,52
022052_2.mp3,22_52.png,mp3,022052,022,052,22,_,52
022052_3.mp3,22_52.png,mp3,022052,022,052,22,_,52
022052_4.mp3,22_52.png,mp3,022052,022,052,22,_,52
022053_1.mp3,22_53.png,mp3,022053,022,053,22,_,53
022053_2.mp3,22_53.png,mp3,022053,022,053,22,_,53
022054_1.mp3,22_54.png,mp3,022054,022,054,22,_,54
022054_2.mp3,22_54.png,mp3,022054,022,054,22,_,54
022055.mp3,22_55.png,mp3,022055,022,055,22,_,55
022056_1.mp3,22_56.png,mp3,022056,022,056,22,_,56
022056_2.mp3,22_56.png,mp3,022056,022,056,22,_,56
022057.mp3,22_57.png,mp3,022057,022,057,22,_,57
022058_1.mp3,22_58.png,mp3,022058,022,058,22,_,58
022058_2.mp3,22_58.png,mp3,022058,022,058,22,_,58
022059_1.mp3,22_59.png,mp3,022059,022,059,22,_,59
022059_2.mp3,22_59.png,mp3,022059,022,059,22,_,59
022060_1.mp3,22_60.png,mp3,022060,022,060,22,_,60
022060_2.mp3,22_60.png,mp3,022060,022,060,22,_,60
022061.mp3,22_61.png,mp3,022061,022,061,22,_,61
022062.mp3,22_62.png,mp3,022062,022,062,22,_,62
022063_1.mp3,22_63.png,mp3,022063,022,063,22,_,63
022063_2.mp3,22_63.png,mp3,022063,022,063,22,_,63
022064_1.mp3,22_64.png,mp3,022064,022,064,22,_,64
022064_2.mp3,22_64.png,mp3,022064,022,064,22,_,64
022065_1.mp3,22_65.png,mp3,022065,022,065,22,_,65
022065_2.mp3,22_65.png,mp3,022065,022,065,22,_,65
022065_3.mp3,22_65.png,mp3,022065,022,065,22,_,65
022066_1.mp3,22_66.png,mp3,022066,022,066,22,_,66
022066_2.mp3,22_66.png,mp3,022066,022,066,22,_,66
022067_1.mp3,22_67.png,mp3,022067,022,067,22,_,67
022067_2.mp3,22_67.png,mp3,022067,022,067,22,_,67
022067_3.mp3,22_67.png,mp3,022067,022,067,22,_,67
022067_4.mp3,22_67.png,mp3,022067,022,067,22,_,67
022068.mp3,22_68.png,mp3,022068,022,068,22,_,68
022069.mp3,22_69.png,mp3,022069,022,069,22,_,69
022070_1.mp3,22_70.png,mp3,022070,022,070,22,_,70
022070_2.mp3,22_70.png,mp3,022070,022,070,22,_,70
022071.mp3,22_71.png,mp3,022071,022,071,22,_,71
022072_1.mp3,22_72.png,mp3,022072,022,072,22,_,72
022072_2.mp3,22_72.png,mp3,022072,022,072,22,_,72
022072_3.mp3,22_72.png,mp3,022072,022,072,22,_,72
022072_4.mp3,22_72.png,mp3,022072,022,072,22,_,72
022073_1.mp3,22_73.png,mp3,022073,022,073,22,_,73
022073_2.mp3,22_73.png,mp3,022073,022,073,22,_,73
022073_3.mp3,22_73.png,mp3,022073,022,073,22,_,73
022073_4.mp3,22_73.png,mp3,022073,022,073,22,_,73
022074_1.mp3,22_74.png,mp3,022074,022,074,22,_,74
022074_2.mp3,22_74.png,mp3,022074,022,074,22,_,74
022075.mp3,22_75.png,mp3,022075,022,075,22,_,75
022076.mp3,22_76.png,mp3,022076,022,076,22,_,76
022077.mp3,22_77.png,mp3,022077,022,077,22,_,77
022078_1.mp3,22_78.png,mp3,022078,022,078,22,_,78
022078_2.mp3,22_78.png,mp3,022078,022,078,22,_,78
022078_3.mp3,22_78.png,mp3,022078,022,078,22,_,78
022078_4.mp3,22_78.png,mp3,022078,022,078,22,_,78
022078_5.mp3,22_78.png,mp3,022078,022,078,22,_,78
022078_6.mp3,22_78.png,mp3,022078,022,078,22,_,78
023001.mp3,23_1.png,mp3,023001,023,001,23,_,1
023002.mp3,23_2.png,mp3,023002,023,002,23,_,2
023003.mp3,23_3.png,mp3,023003,023,003,23,_,3
023004.mp3,23_4.png,mp3,023004,023,004,23,_,4
023005.mp3,23_5.png,mp3,023005,023,005,23,_,5
023006.mp3,23_6.png,mp3,023006,023,006,23,_,6
023007.mp3,23_7.png,mp3,023007,023,007,23,_,7
023008.mp3,23_8.png,mp3,023008,023,008,23,_,8
023009.mp3,23_9.png,mp3,023009,023,009,23,_,9
023010.mp3,23_10.png,mp3,023010,023,010,23,_,10
023011.mp3,23_11.png,mp3,023011,023,011,23,_,11
023012.mp3,23_12.png,mp3,023012,023,012,23,_,12
023013.mp3,23_13.png,mp3,023013,023,013,23,_,13
023014_1.mp3,23_14.png,mp3,023014,023,014,23,_,14
023014_2.mp3,23_14.png,mp3,023014,023,014,23,_,14
023015.mp3,23_15.png,mp3,023015,023,015,23,_,15
023016.mp3,23_16.png,mp3,023016,023,016,23,_,16
023017.mp3,23_17.png,mp3,023017,023,017,23,_,17
023018_1.mp3,23_18.png,mp3,023018,023,018,23,_,18
023018_2.mp3,23_18.png,mp3,023018,023,018,23,_,18
023019_1.mp3,23_19.png,mp3,023019,023,019,23,_,19
023019_2.mp3,23_19.png,mp3,023019,023,019,23,_,19
023020.mp3,23_20.png,mp3,023020,023,020,23,_,20
023021_1.mp3,23_21.png,mp3,023021,023,021,23,_,21
023021_2.mp3,23_21.png,mp3,023021,023,021,23,_,21
023022.mp3,23_22.png,mp3,023022,023,022,23,_,22
023023_1.mp3,23_23.png,mp3,023023,023,023,23,_,23
023023_2.mp3,23_23.png,mp3,023023,023,023,23,_,23
023024_1.mp3,23_24.png,mp3,023024,023,024,23,_,24
023024_2.mp3,23_24.png,mp3,023024,023,024,23,_,24
023025.mp3,23_25.png,mp3,023025,023,025,23,_,25
023026.mp3,23_26.png,mp3,023026,023,026,23,_,26
023027_1.mp3,23_27.png,mp3,023027,023,027,23,_,27
023027_2.mp3,23_27.png,mp3,023027,023,027,23,_,27
023027_3.mp3,23_27.png,mp3,023027,023,027,23,_,27
023028.mp3,23_28.png,mp3,023028,023,028,23,_,28
023029.mp3,23_29.png,mp3,023029,023,029,23,_,29
023030.mp3,23_30.png,mp3,023030,023,030,23,_,30
023031.mp3,23_31.png,mp3,023031,023,031,23,_,31
023032.mp3,23_32.png,mp3,023032,023,032,23,_,32
023033_1.mp3,23_33.png,mp3,023033,023,033,23,_,33
023033_2.mp3,23_33.png,mp3,023033,023,033,23,_,33
023033_3.mp3,23_33.png,mp3,023033,023,033,23,_,33
023034.mp3,23_34.png,mp3,023034,023,034,23,_,34
023035.mp3,23_35.png,mp3,023035,023,035,23,_,35
023036.mp3,23_36.png,mp3,023036,023,036,23,_,36
023037.mp3,23_37.png,mp3,023037,023,037,23,_,37
023038.mp3,23_38.png,mp3,023038,023,038,23,_,38
023039.mp3,23_39.png,mp3,023039,023,039,23,_,39
023040.mp3,23_40.png,mp3,023040,023,040,23,_,40
023041_1.mp3,23_41.png,mp3,023041,023,041,23,_,41
023041_2.mp3,23_41.png,mp3,023041,023,041,23,_,41
023042.mp3,23_42.png,mp3,023042,023,042,23,_,42
023043.mp3,23_43.png,mp3,023043,023,043,23,_,43
023044_1.mp3,23_44.png,mp3,023044,023,044,23,_,44
023044_2.mp3,23_44.png,mp3,023044,023,044,23,_,44
023044_3.mp3,23_44.png,mp3,023044,023,044,23,_,44
023045.mp3,23_45.png,mp3,023045,023,045,23,_,45
023046.mp3,23_46.png,mp3,023046,023,046,23,_,46
023047.mp3,23_47.png,mp3,023047,023,047,23,_,47
023048.mp3,23_48.png,mp3,023048,023,048,23,_,48
023049.mp3,23_49.png,mp3,023049,023,049,23,_,49
023050.mp3,23_50.png,mp3,023050,023,050,23,_,50
023051.mp3,23_51.png,mp3,023051,023,051,23,_,51
023052.mp3,23_52.png,mp3,023052,023,052,23,_,52
023053_1.mp3,23_53.png,mp3,023053,023,053,23,_,53
023053_2.mp3,23_53.png,mp3,023053,023,053,23,_,53
023054.mp3,23_54.png,mp3,023054,023,054,23,_,54
023055.mp3,23_55.png,mp3,023055,023,055,23,_,55
023056.mp3,23_56.png,mp3,023056,023,056,23,_,56
023057.mp3,23_57.png,mp3,023057,023,057,23,_,57
023058.mp3,23_58.png,mp3,023058,023,058,23,_,58
023059.mp3,23_59.png,mp3,023059,023,059,23,_,59
023060.mp3,23_60.png,mp3,023060,023,060,23,_,60
023061.mp3,23_61.png,mp3,023061,023,061,23,_,61
023062.mp3,23_62.png,mp3,023062,023,062,23,_,62
023063.mp3,23_63.png,mp3,023063,023,063,23,_,63
023064.mp3,23_64.png,mp3,023064,023,064,23,_,64
023065_1.mp3,23_65.png,mp3,023065,023,065,23,_,65
023065_2.mp3,23_65.png,mp3,023065,023,065,23,_,65
023066.mp3,23_66.png,mp3,023066,023,066,23,_,66
023067.mp3,23_67.png,mp3,023067,023,067,23,_,67
023068.mp3,23_68.png,mp3,023068,023,068,23,_,68
023069.mp3,23_69.png,mp3,023069,023,069,23,_,69
023070_1.mp3,23_70.png,mp3,023070,023,070,23,_,70
023070_2.mp3,23_70.png,mp3,023070,023,070,23,_,70
023071_1.mp3,23_71.png,mp3,023071,023,071,23,_,71
023071_2.mp3,23_71.png,mp3,023071,023,071,23,_,71
023072.mp3,23_72.png,mp3,023072,023,072,23,_,72
023073.mp3,23_73.png,mp3,023073,023,073,23,_,73
023074.mp3,23_74.png,mp3,023074,023,074,23,_,74
023075.mp3,23_75.png,mp3,023075,023,075,23,_,75
023076.mp3,23_76.png,mp3,023076,023,076,23,_,76
023077.mp3,23_77.png,mp3,023077,023,077,23,_,77
023078_1.mp3,23_78.png,mp3,023078,023,078,23,_,78
023078_2.mp3,23_78.png,mp3,023078,023,078,23,_,78
023079.mp3,23_79.png,mp3,023079,023,079,23,_,79
023080.mp3,23_80.png,mp3,023080,023,080,23,_,80
023081.mp3,23_81.png,mp3,023081,023,081,23,_,81
023082.mp3,23_82.png,mp3,023082,023,082,23,_,82
023083.mp3,23_83.png,mp3,023083,023,083,23,_,83
023084.mp3,23_84.png,mp3,023084,023,084,23,_,84
023085.mp3,23_85.png,mp3,023085,023,085,23,_,85
023086.mp3,23_86.png,mp3,023086,023,086,23,_,86
023087.mp3,23_87.png,mp3,023087,023,087,23,_,87
023088.mp3,23_88.png,mp3,023088,023,088,23,_,88
023089.mp3,23_89.png,mp3,023089,023,089,23,_,89
023090.mp3,23_90.png,mp3,023090,023,090,23,_,90
023091_1.mp3,23_91.png,mp3,023091,023,091,23,_,91
023091_2.mp3,23_91.png,mp3,023091,023,091,23,_,91
023091_3.mp3,23_91.png,mp3,023091,023,091,23,_,91
023092.mp3,23_92.png,mp3,023092,023,092,23,_,92
023093.mp3,23_93.png,mp3,023093,023,093,23,_,93
023094.mp3,23_94.png,mp3,023094,023,094,23,_,94
023095.mp3,23_95.png,mp3,023095,023,095,23,_,95
023096_1.mp3,23_96.png,mp3,023096,023,096,23,_,96
023096_2.mp3,23_96.png,mp3,023096,023,096,23,_,96
023097.mp3,23_97.png,mp3,023097,023,097,23,_,97
023098.mp3,23_98.png,mp3,023098,023,098,23,_,98
023099.mp3,23_99.png,mp3,023099,023,099,23,_,99
023100_1.mp3,23_100.png,mp3,023100,023,100,23,_,100
023100_2.mp3,23_100.png,mp3,023100,023,100,23,_,100
023101.mp3,23_101.png,mp3,023101,023,101,23,_,101
023102.mp3,23_102.png,mp3,023102,023,102,23,_,102
023103.mp3,23_103.png,mp3,023103,023,103,23,_,103
023104.mp3,23_104.png,mp3,023104,023,104,23,_,104
023105.mp3,23_105.png,mp3,023105,023,105,23,_,105
023106.mp3,23_106.png,mp3,023106,023,106,23,_,106
023107.mp3,23_107.png,mp3,023107,023,107,23,_,107
023108.mp3,23_108.png,mp3,023108,023,108,23,_,108
023109.mp3,23_109.png,mp3,023109,023,109,23,_,109
023110.mp3,23_110.png,mp3,023110,023,110,23,_,110
023111.mp3,23_111.png,mp3,023111,023,111,23,_,111
023112.mp3,23_112.png,mp3,023112,023,112,23,_,112
023113.mp3,23_113.png,mp3,023113,023,113,23,_,113
023114.mp3,23_114.png,mp3,023114,023,114,23,_,114
023115.mp3,23_115.png,mp3,023115,023,115,23,_,115
023116_1.mp3,23_116.png,mp3,023116,023,116,23,_,116
023116_2.mp3,23_116.png,mp3,023116,023,116,23,_,116
023117_1.mp3,23_117.png,mp3,023117,023,117,23,_,117
023117_2.mp3,23_117.png,mp3,023117,023,117,23,_,117
023118.mp3,23_118.png,mp3,023118,023,118,23,_,118
024001_1.mp3,24_1.png,mp3,024001,024,001,24,_,1
024001_2.mp3,24_1.png,mp3,024001,024,001,24,_,1
024002_1.mp3,24_2.png,mp3,024002,024,002,24,_,2
024002_2.mp3,24_2.png,mp3,024002,024,002,24,_,2
024002_3.mp3,24_2.png,mp3,024002,024,002,24,_,2
024003_1.mp3,24_3.png,mp3,024003,024,003,24,_,3
024003_2.mp3,24_3.png,mp3,024003,024,003,24,_,3
024004_1.mp3,24_4.png,mp3,024004,024,004,24,_,4
024004_2.mp3,24_4.png,mp3,024004,024,004,24,_,4
024005.mp3,24_5.png,mp3,024005,024,005,24,_,5
024006_1.mp3,24_6.png,mp3,024006,024,006,24,_,6
024006_2.mp3,24_6.png,mp3,024006,024,006,24,_,6
024007.mp3,24_7.png,mp3,024007,024,007,24,_,7
024008.mp3,24_8.png,mp3,024008,024,008,24,_,8
024009.mp3,24_9.png,mp3,024009,024,009,24,_,9
024010.mp3,24_10.png,mp3,024010,024,010,24,_,10
024011_1.mp3,24_11.png,mp3,024011,024,011,24,_,11
024011_2.mp3,24_11.png,mp3,024011,024,011,24,_,11
024011_3.mp3,24_11.png,mp3,024011,024,011,24,_,11
024012.mp3,24_12.png,mp3,024012,024,012,24,_,12
024013_1.mp3,24_13.png,mp3,024013,024,013,24,_,13
024013_2.mp3,24_13.png,mp3,024013,024,013,24,_,13
024014.mp3,24_14.png,mp3,024014,024,014,24,_,14
024015_1.mp3,24_15.png,mp3,024015,024,015,24,_,15
024015_2.mp3,24_15.png,mp3,024015,024,015,24,_,15
024016.mp3,24_16.png,mp3,024016,024,016,24,_,16
024017.mp3,24_17.png,mp3,024017,024,017,24,_,17
024018.mp3,24_18.png,mp3,024018,024,018,24,_,18
024019_1.mp3,24_19.png,mp3,024019,024,019,24,_,19
024019_2.mp3,24_19.png,mp3,024019,024,019,24,_,19
024020.mp3,24_20.png,mp3,024020,024,020,24,_,20
024021_1.mp3,24_21.png,mp3,024021,024,021,24,_,21
024021_2.mp3,24_21.png,mp3,024021,024,021,24,_,21
024021_3.mp3,24_21.png,mp3,024021,024,021,24,_,21
024021_4.mp3,24_21.png,mp3,024021,024,021,24,_,21
024022.mp3,24_22.png,mp3,024022,024,022,24,_,22
024023.mp3,24_23.png,mp3,024023,024,023,24,_,23
024024.mp3,24_24.png,mp3,024024,024,024,24,_,24
024025.mp3,24_25.png,mp3,024025,024,025,24,_,25
024026_1.mp3,24_26.png,mp3,024026,024,026,24,_,26
024026_2.mp3,24_26.png,mp3,024026,024,026,24,_,26
024026_3.mp3,24_26.png,mp3,024026,024,026,24,_,26
024027_1.mp3,24_27.png,mp3,024027,024,027,24,_,27
024027_2.mp3,24_27.png,mp3,024027,024,027,24,_,27
024028.mp3,24_28.png,mp3,024028,024,028,24,_,28
024029_1.mp3,24_29.png,mp3,024029,024,029,24,_,29
024029_2.mp3,24_29.png,mp3,024029,024,029,24,_,29
024030.mp3,24_30.png,mp3,024030,024,030,24,_,30
024031_1.mp3,24_31.png,mp3,024031,024,031,24,_,31
024031_2.mp3,24_31.png,mp3,024031,024,031,24,_,31
024031_3.mp3,24_31.png,mp3,024031,024,031,24,_,31
024031_4.mp3,24_31.png,mp3,024031,024,031,24,_,31
024031_5.mp3,24_31.png,mp3,024031,024,031,24,_,31
024031_6.mp3,24_31.png,mp3,024031,024,031,24,_,31
024031_7.mp3,24_31.png,mp3,024031,024,031,24,_,31
024032_1.mp3,24_32.png,mp3,024032,024,032,24,_,32
024032_2.mp3,24_32.png,mp3,024032,024,032,24,_,32
024032_3.mp3,24_32.png,mp3,024032,024,032,24,_,32
024033_1.mp3,24_33.png,mp3,024033,024,033,24,_,33
024033_2.mp3,24_33.png,mp3,024033,024,033,24,_,33
024033_3.mp3,24_33.png,mp3,024033,024,033,24,_,33
024033_4.mp3,24_33.png,mp3,024033,024,033,24,_,33
024033_5.mp3,24_33.png,mp3,024033,024,033,24,_,33
024034.mp3,24_34.png,mp3,024034,024,034,24,_,34
024035_1.mp3,24_35.png,mp3,024035,024,035,24,_,35
024035_2.mp3,24_35.png,mp3,024035,024,035,24,_,35
024035_3.mp3,24_35.png,mp3,024035,024,035,24,_,35
024035_4.mp3,24_35.png,mp3,024035,024,035,24,_,35
024035_5.mp3,24_35.png,mp3,024035,024,035,24,_,35
024035_6.mp3,24_35.png,mp3,024035,024,035,24,_,35
024035_7.mp3,24_35.png,mp3,024035,024,035,24,_,35
024035_8.mp3,24_35.png,mp3,024035,024,035,24,_,35
024035_9.mp3,24_35.png,mp3,024035,024,035,24,_,35
024036.mp3,24_36.png,mp3,024036,024,036,24,_,36
024037_1.mp3,24_37.png,mp3,024037,024,037,24,_,37
024037_2.mp3,24_37.png,mp3,024037,024,037,24,_,37
024038_1.mp3,24_38.png,mp3,024038,024,038,24,_,38
024038_2.mp3,24_38.png,mp3,024038,024,038,24,_,38
024039_1.mp3,24_39.png,mp3,024039,024,039,24,_,39
024039_2.mp3,24_39.png,mp3,024039,024,039,24,_,39
024039_3.mp3,24_39.png,mp3,024039,024,039,24,_,39
024040.mp3,24_40.png,mp3,024040,024,040,24,_,40
024041_1.mp3,24_41.png,mp3,024041,024,041,24,_,41
024041_2.mp3,24_41.png,mp3,024041,024,041,24,_,41
024041_3.mp3,24_41.png,mp3,024041,024,041,24,_,41
024042_1.mp3,24_42.png,mp3,024042,024,042,24,_,42
024042_2.mp3,24_42.png,mp3,024042,024,042,24,_,42
024043_1.mp3,24_43.png,mp3,024043,024,043,24,_,43
024043_2.mp3,24_43.png,mp3,024043,024,043,24,_,43
024043_3.mp3,24_43.png,mp3,024043,024,043,24,_,43
024043_4.mp3,24_43.png,mp3,024043,024,043,24,_,43
024044_1.mp3,24_44.png,mp3,024044,024,044,24,_,44
024044_2.mp3,24_44.png,mp3,024044,024,044,24,_,44
024045.mp3,24_45.png,mp3,024045,024,045,24,_,45
024046_1.mp3,24_46.png,mp3,024046,024,046,24,_,46
024046_2.mp3,24_46.png,mp3,024046,024,046,24,_,46
024047_1.mp3,24_47.png,mp3,024047,024,047,24,_,47
024047_2.mp3,24_47.png,mp3,024047,024,047,24,_,47
024048.mp3,24_48.png,mp3,024048,024,048,24,_,48
024049.mp3,24_49.png,mp3,024049,024,049,24,_,49
024050.mp3,24_50.png,mp3,024050,024,050,24,_,50
024051_1.mp3,24_51.png,mp3,024051,024,051,24,_,51
024051_2.mp3,24_51.png,mp3,024051,024,051,24,_,51
024052.mp3,24_52.png,mp3,024052,024,052,24,_,52
024053_1.mp3,24_53.png,mp3,024053,024,053,24,_,53
024053_2.mp3,24_53.png,mp3,024053,024,053,24,_,53
024053_3.mp3,24_53.png,mp3,024053,024,053,24,_,53
024053_4.mp3,24_53.png,mp3,024053,024,053,24,_,53
024054_1.mp3,24_54.png,mp3,024054,024,054,24,_,54
024054_2.mp3,24_54.png,mp3,024054,024,054,24,_,54
024055_1.mp3,24_55.png,mp3,024055,024,055,24,_,55
024055_2.mp3,24_55.png,mp3,024055,024,055,24,_,55
024055_3.mp3,24_55.png,mp3,024055,024,055,24,_,55
024055_4.mp3,24_55.png,mp3,024055,024,055,24,_,55
024055_5.mp3,24_55.png,mp3,024055,024,055,24,_,55
024056.mp3,24_56.png,mp3,024056,024,056,24,_,56
024057_1.mp3,24_57.png,mp3,024057,024,057,24,_,57
024057_2.mp3,24_57.png,mp3,024057,024,057,24,_,57
024058_1.mp3,24_58.png,mp3,024058,024,058,24,_,58
024058_2.mp3,24_58.png,mp3,024058,024,058,24,_,58
024058_3.mp3,24_58.png,mp3,024058,024,058,24,_,58
024059_1.mp3,24_59.png,mp3,024059,024,059,24,_,59
024059_2.mp3,24_59.png,mp3,024059,024,059,24,_,59
024060_1.mp3,24_60.png,mp3,024060,024,060,24,_,60
024060_2.mp3,24_60.png,mp3,024060,024,060,24,_,60
024060_3.mp3,24_60.png,mp3,024060,024,060,24,_,60
024061_1.mp3,24_61.png,mp3,024061,024,061,24,_,61
024061_2.mp3,24_61.png,mp3,024061,024,061,24,_,61
024061_3.mp3,24_61.png,mp3,024061,024,061,24,_,61
024061_4.mp3,24_61.png,mp3,024061,024,061,24,_,61
024061_5.mp3,24_61.png,mp3,024061,024,061,24,_,61
024061_6.mp3,24_61.png,mp3,024061,024,061,24,_,61
024061_7.mp3,24_61.png,mp3,024061,024,061,24,_,61
024062_1.mp3,24_62.png,mp3,024062,024,062,24,_,62
024062_2.mp3,24_62.png,mp3,024062,024,062,24,_,62
024063_1.mp3,24_63.png,mp3,024063,024,063,24,_,63
024063_2.mp3,24_63.png,mp3,024063,024,063,24,_,63
024063_3.mp3,24_63.png,mp3,024063,024,063,24,_,63
024064_1.mp3,24_64.png,mp3,024064,024,064,24,_,64
024064_2.mp3,24_64.png,mp3,024064,024,064,24,_,64
025001_1.mp3,25_1.png,mp3,025001,025,001,25,_,1
025001_2.mp3,25_1.png,mp3,025001,025,001,25,_,1
025002_1.mp3,25_2.png,mp3,025002,025,002,25,_,2
025002_2.mp3,25_2.png,mp3,025002,025,002,25,_,2
025003_1.mp3,25_3.png,mp3,025003,025,003,25,_,3
025003_2.mp3,25_3.png,mp3,025003,025,003,25,_,3
025004_1.mp3,25_4.png,mp3,025004,025,004,25,_,4
025004_2.mp3,25_4.png,mp3,025004,025,004,25,_,4
025005.mp3,25_5.png,mp3,025005,025,005,25,_,5
025006_1.mp3,25_6.png,mp3,025006,025,006,25,_,6
025006_2.mp3,25_6.png,mp3,025006,025,006,25,_,6
025007.mp3,25_7.png,mp3,025007,025,007,25,_,7
025008_1.mp3,25_8.png,mp3,025008,025,008,25,_,8
025008_2.mp3,25_8.png,mp3,025008,025,008,25,_,8
025009.mp3,25_9.png,mp3,025009,025,009,25,_,9
025010.mp3,25_10.png,mp3,025010,025,010,25,_,10
025011_1.mp3,25_11.png,mp3,025011,025,011,25,_,11
025011_2.mp3,25_11.png,mp3,025011,025,011,25,_,11
025012.mp3,25_12.png,mp3,025012,025,012,25,_,12
025013.mp3,25_13.png,mp3,025013,025,013,25,_,13
025014.mp3,25_14.png,mp3,025014,025,014,25,_,14
025015.mp3,25_15.png,mp3,025015,025,015,25,_,15
025016_1.mp3,25_16.png,mp3,025016,025,016,25,_,16
025016_2.mp3,25_16.png,mp3,025016,025,016,25,_,16
025017.mp3,25_17.png,mp3,025017,025,017,25,_,17
025018_1.mp3,25_18.png,mp3,025018,025,018,25,_,18
025018_2.mp3,25_18.png,mp3,025018,025,018,25,_,18
025019_1.mp3,25_19.png,mp3,025019,025,019,25,_,19
025019_2.mp3,25_19.png,mp3,025019,025,019,25,_,19
025020_1.mp3,25_20.png,mp3,025020,025,020,25,_,20
025020_2.mp3,25_20.png,mp3,025020,025,020,25,_,20
025021_1.mp3,25_21.png,mp3,025021,025,021,25,_,21
025021_2.mp3,25_21.png,mp3,025021,025,021,25,_,21
025022.mp3,25_22.png,mp3,025022,025,022,25,_,22
025023.mp3,25_23.png,mp3,025023,025,023,25,_,23
025024.mp3,25_24.png,mp3,025024,025,024,25,_,24
025025.mp3,25_25.png,mp3,025025,025,025,25,_,25
025026_1.mp3,25_26.png,mp3,025026,025,026,25,_,26
025026_2.mp3,25_26.png,mp3,025026,025,026,25,_,26
025027.mp3,25_27.png,mp3,025027,025,027,25,_,27
025028.mp3,25_28.png,mp3,025028,025,028,25,_,28
025029.mp3,25_29.png,mp3,025029,025,029,25,_,29
025030.mp3,25_30.png,mp3,025030,025,030,25,_,30
025031.mp3,25_31.png,mp3,025031,025,031,25,_,31
025032_1.mp3,25_32.png,mp3,025032,025,032,25,_,32
025032_2.mp3,25_32.png,mp3,025032,025,032,25,_,32
025032_3.mp3,25_32.png,mp3,025032,025,032,25,_,32
025033.mp3,25_33.png,mp3,025033,025,033,25,_,33
025034.mp3,25_34.png,mp3,025034,025,034,25,_,34
025035.mp3,25_35.png,mp3,025035,025,035,25,_,35
025036.mp3,25_36.png,mp3,025036,025,036,25,_,36
025037_1.mp3,25_37.png,mp3,025037,025,037,25,_,37
025037_2.mp3,25_37.png,mp3,025037,025,037,25,_,37
025038.mp3,25_38.png,mp3,025038,025,038,25,_,38
025039.mp3,25_39.png,mp3,025039,025,039,25,_,39
025040_1.mp3,25_40.png,mp3,025040,025,040,25,_,40
025040_2.mp3,25_40.png,mp3,025040,025,040,25,_,40
025040_3.mp3,25_40.png,mp3,025040,025,040,25,_,40
025041.mp3,25_41.png,mp3,025041,025,041,25,_,41
025042.mp3,25_42.png,mp3,025042,025,042,25,_,42
025043.mp3,25_43.png,mp3,025043,025,043,25,_,43
025044_1.mp3,25_44.png,mp3,025044,025,044,25,_,44
025044_2.mp3,25_44.png,mp3,025044,025,044,25,_,44
025044_3.mp3,25_44.png,mp3,025044,025,044,25,_,44
025045.mp3,25_45.png,mp3,025045,025,045,25,_,45
025046.mp3,25_46.png,mp3,025046,025,046,25,_,46
025047.mp3,25_47.png,mp3,025047,025,047,25,_,47
025048_1.mp3,25_48.png,mp3,025048,025,048,25,_,48
025048_2.mp3,25_48.png,mp3,025048,025,048,25,_,48
025049.mp3,25_49.png,mp3,025049,025,049,25,_,49
025050.mp3,25_50.png,mp3,025050,025,050,25,_,50
025051.mp3,25_51.png,mp3,025051,025,051,25,_,51
025052.mp3,25_52.png,mp3,025052,025,052,25,_,52
025053.mp3,25_53.png,mp3,025053,025,053,25,_,53
025054_1.mp3,25_54.png,mp3,025054,025,054,25,_,54
025054_2.mp3,25_54.png,mp3,025054,025,054,25,_,54
025055_1.mp3,25_55.png,mp3,025055,025,055,25,_,55
025055_2.mp3,25_55.png,mp3,025055,025,055,25,_,55
025056.mp3,25_56.png,mp3,025056,025,056,25,_,56
025057.mp3,25_57.png,mp3,025057,025,057,25,_,57
025058.mp3,25_58.png,mp3,025058,025,058,25,_,58
025059_1.mp3,25_59.png,mp3,025059,025,059,25,_,59
025059_2.mp3,25_59.png,mp3,025059,025,059,25,_,59
025060.mp3,25_60.png,mp3,025060,025,060,25,_,60
025061.mp3,25_61.png,mp3,025061,025,061,25,_,61
025062.mp3,25_62.png,mp3,025062,025,062,25,_,62
025063.mp3,25_63.png,mp3,025063,025,063,25,_,63
025064.mp3,25_64.png,mp3,025064,025,064,25,_,64
025065_1.mp3,25_65.png,mp3,025065,025,065,25,_,65
025065_2.mp3,25_65.png,mp3,025065,025,065,25,_,65
025066.mp3,25_66.png,mp3,025066,025,066,25,_,66
025067.mp3,25_67.png,mp3,025067,025,067,25,_,67
025068_1.mp3,25_68.png,mp3,025068,025,068,25,_,68
025068_2.mp3,25_68.png,mp3,025068,025,068,25,_,68
025069.mp3,25_69.png,mp3,025069,025,069,25,_,69
025070_1.mp3,25_70.png,mp3,025070,025,070,25,_,70
025070_2.mp3,25_70.png,mp3,025070,025,070,25,_,70
025071.mp3,25_71.png,mp3,025071,025,071,25,_,71
025072.mp3,25_72.png,mp3,025072,025,072,25,_,72
025073.mp3,25_73.png,mp3,025073,025,073,25,_,73
025074.mp3,25_74.png,mp3,025074,025,074,25,_,74
025075.mp3,25_75.png,mp3,025075,025,075,25,_,75
025076_1.mp3,25_76.png,mp3,025076,025,076,25,_,76
025076_2.mp3,25_76.png,mp3,025076,025,076,25,_,76
025077_1.mp3,25_77.png,mp3,025077,025,077,25,_,77
025077_2.mp3,25_77.png,mp3,025077,025,077,25,_,77
026001_1.mp3,26_1.png,mp3,026001,026,001,26,_,1
026001_2.mp3,26_1.png,mp3,026001,026,001,26,_,1
026002.mp3,26_2.png,mp3,026002,026,002,26,_,2
026003.mp3,26_3.png,mp3,026003,026,003,26,_,3
026004.mp3,26_4.png,mp3,026004,026,004,26,_,4
026005.mp3,26_5.png,mp3,026005,026,005,26,_,5
026006.mp3,26_6.png,mp3,026006,026,006,26,_,6
026007.mp3,26_7.png,mp3,026007,026,007,26,_,7
026008.mp3,26_8.png,mp3,026008,026,008,26,_,8
026009.mp3,26_9.png,mp3,026009,026,009,26,_,9
026010.mp3,26_10.png,mp3,026010,026,010,26,_,10
026011.mp3,26_11.png,mp3,026011,026,011,26,_,11
026012.mp3,26_12.png,mp3,026012,026,012,26,_,12
026013.mp3,26_13.png,mp3,026013,026,013,26,_,13
026014.mp3,26_14.png,mp3,026014,026,014,26,_,14
026015.mp3,26_15.png,mp3,026015,026,015,26,_,15
026016.mp3,26_16.png,mp3,026016,026,016,26,_,16
026017.mp3,26_17.png,mp3,026017,026,017,26,_,17
026018.mp3,26_18.png,mp3,026018,026,018,26,_,18
026019.mp3,26_19.png,mp3,026019,026,019,26,_,19
026020.mp3,26_20.png,mp3,026020,026,020,26,_,20
026021.mp3,26_21.png,mp3,026021,026,021,26,_,21
026022.mp3,26_22.png,mp3,026022,026,022,26,_,22
026023.mp3,26_23.png,mp3,026023,026,023,26,_,23
026024.mp3,26_24.png,mp3,026024,026,024,26,_,24
026025.mp3,26_25.png,mp3,026025,026,025,26,_,25
026026.mp3,26_26.png,mp3,026026,026,026,26,_,26
026027.mp3,26_27.png,mp3,026027,026,027,26,_,27
026028.mp3,26_28.png,mp3,026028,026,028,26,_,28
026029.mp3,26_29.png,mp3,026029,026,029,26,_,29
026030.mp3,26_30.png,mp3,026030,026,030,26,_,30
026031.mp3,26_31.png,mp3,026031,026,031,26,_,31
026032.mp3,26_32.png,mp3,026032,026,032,26,_,32
026033.mp3,26_33.png,mp3,026033,026,033,26,_,33
026034.mp3,26_34.png,mp3,026034,026,034,26,_,34
026035.mp3,26_35.png,mp3,026035,026,035,26,_,35
026036.mp3,26_36.png,mp3,026036,026,036,26,_,36
026037.mp3,26_37.png,mp3,026037,026,037,26,_,37
026038.mp3,26_38.png,mp3,026038,026,038,26,_,38
026039.mp3,26_39.png,mp3,026039,026,039,26,_,39
026040.mp3,26_40.png,mp3,026040,026,040,26,_,40
026041.mp3,26_41.png,mp3,026041,026,041,26,_,41
026042.mp3,26_42.png,mp3,026042,026,042,26,_,42
026043.mp3,26_43.png,mp3,026043,026,043,26,_,43
026044.mp3,26_44.png,mp3,026044,026,044,26,_,44
026045.mp3,26_45.png,mp3,026045,026,045,26,_,45
026046.mp3,26_46.png,mp3,026046,026,046,26,_,46
026047.mp3,26_47.png,mp3,026047,026,047,26,_,47
026048.mp3,26_48.png,mp3,026048,026,048,26,_,48
026049.mp3,26_49.png,mp3,026049,026,049,26,_,49
026050.mp3,26_50.png,mp3,026050,026,050,26,_,50
026051.mp3,26_51.png,mp3,026051,026,051,26,_,51
026052.mp3,26_52.png,mp3,026052,026,052,26,_,52
026053.mp3,26_53.png,mp3,026053,026,053,26,_,53
026054.mp3,26_54.png,mp3,026054,026,054,26,_,54
026055.mp3,26_55.png,mp3,026055,026,055,26,_,55
026056.mp3,26_56.png,mp3,026056,026,056,26,_,56
026057.mp3,26_57.png,mp3,026057,026,057,26,_,57
026058.mp3,26_58.png,mp3,026058,026,058,26,_,58
026059.mp3,26_59.png,mp3,026059,026,059,26,_,59
026060.mp3,26_60.png,mp3,026060,026,060,26,_,60
026061.mp3,26_61.png,mp3,026061,026,061,26,_,61
026062.mp3,26_62.png,mp3,026062,026,062,26,_,62
026063.mp3,26_63.png,mp3,026063,026,063,26,_,63
026064.mp3,26_64.png,mp3,026064,026,064,26,_,64
026065.mp3,26_65.png,mp3,026065,026,065,26,_,65
026066.mp3,26_66.png,mp3,026066,026,066,26,_,66
026067.mp3,26_67.png,mp3,026067,026,067,26,_,67
026068.mp3,26_68.png,mp3,026068,026,068,26,_,68
026069.mp3,26_69.png,mp3,026069,026,069,26,_,69
026070.mp3,26_70.png,mp3,026070,026,070,26,_,70
026071.mp3,26_71.png,mp3,026071,026,071,26,_,71
026072.mp3,26_72.png,mp3,026072,026,072,26,_,72
026073.mp3,26_73.png,mp3,026073,026,073,26,_,73
026074.mp3,26_74.png,mp3,026074,026,074,26,_,74
026075.mp3,26_75.png,mp3,026075,026,075,26,_,75
026076.mp3,26_76.png,mp3,026076,026,076,26,_,76
026077.mp3,26_77.png,mp3,026077,026,077,26,_,77
026078.mp3,26_78.png,mp3,026078,026,078,26,_,78
026079.mp3,26_79.png,mp3,026079,026,079,26,_,79
026080.mp3,26_80.png,mp3,026080,026,080,26,_,80
026081.mp3,26_81.png,mp3,026081,026,081,26,_,81
026082.mp3,26_82.png,mp3,026082,026,082,26,_,82
026083.mp3,26_83.png,mp3,026083,026,083,26,_,83
026084.mp3,26_84.png,mp3,026084,026,084,26,_,84
026085.mp3,26_85.png,mp3,026085,026,085,26,_,85
026086.mp3,26_86.png,mp3,026086,026,086,26,_,86
026087.mp3,26_87.png,mp3,026087,026,087,26,_,87
026088.mp3,26_88.png,mp3,026088,026,088,26,_,88
026089.mp3,26_89.png,mp3,026089,026,089,26,_,89
026090.mp3,26_90.png,mp3,026090,026,090,26,_,90
026091.mp3,26_91.png,mp3,026091,026,091,26,_,91
026092.mp3,26_92.png,mp3,026092,026,092,26,_,92
026093.mp3,26_93.png,mp3,026093,026,093,26,_,93
026094.mp3,26_94.png,mp3,026094,026,094,26,_,94
026095.mp3,26_95.png,mp3,026095,026,095,26,_,95
026096.mp3,26_96.png,mp3,026096,026,096,26,_,96
026097.mp3,26_97.png,mp3,026097,026,097,26,_,97
026098.mp3,26_98.png,mp3,026098,026,098,26,_,98
026099.mp3,26_99.png,mp3,026099,026,099,26,_,99
026100.mp3,26_100.png,mp3,026100,026,100,26,_,100
026101.mp3,26_101.png,mp3,026101,026,101,26,_,101
026102.mp3,26_102.png,mp3,026102,026,102,26,_,102
026103.mp3,26_103.png,mp3,026103,026,103,26,_,103
026104.mp3,26_104.png,mp3,026104,026,104,26,_,104
026105.mp3,26_105.png,mp3,026105,026,105,26,_,105
026106.mp3,26_106.png,mp3,026106,026,106,26,_,106
026107.mp3,26_107.png,mp3,026107,026,107,26,_,107
026108.mp3,26_108.png,mp3,026108,026,108,26,_,108
026109.mp3,26_109.png,mp3,026109,026,109,26,_,109
026110.mp3,26_110.png,mp3,026110,026,110,26,_,110
026111.mp3,26_111.png,mp3,026111,026,111,26,_,111
026112.mp3,26_112.png,mp3,026112,026,112,26,_,112
026113.mp3,26_113.png,mp3,026113,026,113,26,_,113
026114.mp3,26_114.png,mp3,026114,026,114,26,_,114
026115.mp3,26_115.png,mp3,026115,026,115,26,_,115
026116.mp3,26_116.png,mp3,026116,026,116,26,_,116
026117.mp3,26_117.png,mp3,026117,026,117,26,_,117
026118.mp3,26_118.png,mp3,026118,026,118,26,_,118
026119.mp3,26_119.png,mp3,026119,026,119,26,_,119
026120.mp3,26_120.png,mp3,026120,026,120,26,_,120
026121.mp3,26_121.png,mp3,026121,026,121,26,_,121
026122.mp3,26_122.png,mp3,026122,026,122,26,_,122
026123.mp3,26_123.png,mp3,026123,026,123,26,_,123
026124.mp3,26_124.png,mp3,026124,026,124,26,_,124
026125.mp3,26_125.png,mp3,026125,026,125,26,_,125
026126.mp3,26_126.png,mp3,026126,026,126,26,_,126
026127.mp3,26_127.png,mp3,026127,026,127,26,_,127
026128.mp3,26_128.png,mp3,026128,026,128,26,_,128
026129.mp3,26_129.png,mp3,026129,026,129,26,_,129
026130.mp3,26_130.png,mp3,026130,026,130,26,_,130
026131.mp3,26_131.png,mp3,026131,026,131,26,_,131
026132.mp3,26_132.png,mp3,026132,026,132,26,_,132
026133.mp3,26_133.png,mp3,026133,026,133,26,_,133
026134.mp3,26_134.png,mp3,026134,026,134,26,_,134
026135.mp3,26_135.png,mp3,026135,026,135,26,_,135
026136.mp3,26_136.png,mp3,026136,026,136,26,_,136
026137.mp3,26_137.png,mp3,026137,026,137,26,_,137
026138.mp3,26_138.png,mp3,026138,026,138,26,_,138
026139.mp3,26_139.png,mp3,026139,026,139,26,_,139
026140.mp3,26_140.png,mp3,026140,026,140,26,_,140
026141.mp3,26_141.png,mp3,026141,026,141,26,_,141
026142.mp3,26_142.png,mp3,026142,026,142,26,_,142
026143.mp3,26_143.png,mp3,026143,026,143,26,_,143
026144.mp3,26_144.png,mp3,026144,026,144,26,_,144
026145.mp3,26_145.png,mp3,026145,026,145,26,_,145
026146.mp3,26_146.png,mp3,026146,026,146,26,_,146
026147.mp3,26_147.png,mp3,026147,026,147,26,_,147
026148.mp3,26_148.png,mp3,026148,026,148,26,_,148
026149.mp3,26_149.png,mp3,026149,026,149,26,_,149
026150.mp3,26_150.png,mp3,026150,026,150,26,_,150
026151.mp3,26_151.png,mp3,026151,026,151,26,_,151
026152.mp3,26_152.png,mp3,026152,026,152,26,_,152
026153.mp3,26_153.png,mp3,026153,026,153,26,_,153
026154.mp3,26_154.png,mp3,026154,026,154,26,_,154
026155.mp3,26_155.png,mp3,026155,026,155,26,_,155
026156.mp3,26_156.png,mp3,026156,026,156,26,_,156
026157.mp3,26_157.png,mp3,026157,026,157,26,_,157
026158.mp3,26_158.png,mp3,026158,026,158,26,_,158
026159.mp3,26_159.png,mp3,026159,026,159,26,_,159
026160.mp3,26_160.png,mp3,026160,026,160,26,_,160
026161.mp3,26_161.png,mp3,026161,026,161,26,_,161
026162.mp3,26_162.png,mp3,026162,026,162,26,_,162
026163.mp3,26_163.png,mp3,026163,026,163,26,_,163
026164.mp3,26_164.png,mp3,026164,026,164,26,_,164
026165.mp3,26_165.png,mp3,026165,026,165,26,_,165
026166.mp3,26_166.png,mp3,026166,026,166,26,_,166
026167.mp3,26_167.png,mp3,026167,026,167,26,_,167
026168.mp3,26_168.png,mp3,026168,026,168,26,_,168
026169.mp3,26_169.png,mp3,026169,026,169,26,_,169
026170.mp3,26_170.png,mp3,026170,026,170,26,_,170
026171.mp3,26_171.png,mp3,026171,026,171,26,_,171
026172.mp3,26_172.png,mp3,026172,026,172,26,_,172
026173.mp3,26_173.png,mp3,026173,026,173,26,_,173
026174.mp3,26_174.png,mp3,026174,026,174,26,_,174
026175.mp3,26_175.png,mp3,026175,026,175,26,_,175
026176.mp3,26_176.png,mp3,026176,026,176,26,_,176
026177.mp3,26_177.png,mp3,026177,026,177,26,_,177
026178.mp3,26_178.png,mp3,026178,026,178,26,_,178
026179.mp3,26_179.png,mp3,026179,026,179,26,_,179
026180.mp3,26_180.png,mp3,026180,026,180,26,_,180
026181.mp3,26_181.png,mp3,026181,026,181,26,_,181
026182.mp3,26_182.png,mp3,026182,026,182,26,_,182
026183.mp3,26_183.png,mp3,026183,026,183,26,_,183
026184.mp3,26_184.png,mp3,026184,026,184,26,_,184
026185.mp3,26_185.png,mp3,026185,026,185,26,_,185
026186.mp3,26_186.png,mp3,026186,026,186,26,_,186
026187.mp3,26_187.png,mp3,026187,026,187,26,_,187
026188.mp3,26_188.png,mp3,026188,026,188,26,_,188
026189.mp3,26_189.png,mp3,026189,026,189,26,_,189
026190.mp3,26_190.png,mp3,026190,026,190,26,_,190
026191.mp3,26_191.png,mp3,026191,026,191,26,_,191
026192.mp3,26_192.png,mp3,026192,026,192,26,_,192
026193.mp3,26_193.png,mp3,026193,026,193,26,_,193
026194.mp3,26_194.png,mp3,026194,026,194,26,_,194
026195.mp3,26_195.png,mp3,026195,026,195,26,_,195
026196.mp3,26_196.png,mp3,026196,026,196,26,_,196
026197.mp3,26_197.png,mp3,026197,026,197,26,_,197
026198.mp3,26_198.png,mp3,026198,026,198,26,_,198
026199.mp3,26_199.png,mp3,026199,026,199,26,_,199
026200.mp3,26_200.png,mp3,026200,026,200,26,_,200
026201.mp3,26_201.png,mp3,026201,026,201,26,_,201
026202.mp3,26_202.png,mp3,026202,026,202,26,_,202
026203.mp3,26_203.png,mp3,026203,026,203,26,_,203
026204.mp3,26_204.png,mp3,026204,026,204,26,_,204
026205.mp3,26_205.png,mp3,026205,026,205,26,_,205
026206.mp3,26_206.png,mp3,026206,026,206,26,_,206
026207.mp3,26_207.png,mp3,026207,026,207,26,_,207
026208.mp3,26_208.png,mp3,026208,026,208,26,_,208
026209.mp3,26_209.png,mp3,026209,026,209,26,_,209
026210.mp3,26_210.png,mp3,026210,026,210,26,_,210
026211.mp3,26_211.png,mp3,026211,026,211,26,_,211
026212.mp3,26_212.png,mp3,026212,026,212,26,_,212
026213.mp3,26_213.png,mp3,026213,026,213,26,_,213
026214.mp3,26_214.png,mp3,026214,026,214,26,_,214
026215.mp3,26_215.png,mp3,026215,026,215,26,_,215
026216.mp3,26_216.png,mp3,026216,026,216,26,_,216
026217.mp3,26_217.png,mp3,026217,026,217,26,_,217
026218.mp3,26_218.png,mp3,026218,026,218,26,_,218
026219.mp3,26_219.png,mp3,026219,026,219,26,_,219
026220.mp3,26_220.png,mp3,026220,026,220,26,_,220
026221.mp3,26_221.png,mp3,026221,026,221,26,_,221
026222.mp3,26_222.png,mp3,026222,026,222,26,_,222
026223.mp3,26_223.png,mp3,026223,026,223,26,_,223
026224.mp3,26_224.png,mp3,026224,026,224,26,_,224
026225.mp3,26_225.png,mp3,026225,026,225,26,_,225
026226.mp3,26_226.png,mp3,026226,026,226,26,_,226
026227.mp3,26_227.png,mp3,026227,026,227,26,_,227
027001_1.mp3,27_1.png,mp3,027001,027,001,27,_,1
027001_2.mp3,27_1.png,mp3,027001,027,001,27,_,1
027001_3.mp3,27_1.png,mp3,027001,027,001,27,_,1
027002.mp3,27_2.png,mp3,027002,027,002,27,_,2
027003.mp3,27_3.png,mp3,027003,027,003,27,_,3
027004.mp3,27_4.png,mp3,027004,027,004,27,_,4
027005.mp3,27_5.png,mp3,027005,027,005,27,_,5
027006.mp3,27_6.png,mp3,027006,027,006,27,_,6
027007_1.mp3,27_7.png,mp3,027007,027,007,27,_,7
027007_2.mp3,27_7.png,mp3,027007,027,007,27,_,7
027008.mp3,27_8.png,mp3,027008,027,008,27,_,8
027009.mp3,27_9.png,mp3,027009,027,009,27,_,9
027010.mp3,27_10.png,mp3,027010,027,010,27,_,10
027011.mp3,27_11.png,mp3,027011,027,011,27,_,11
027012_1.mp3,27_12.png,mp3,027012,027,012,27,_,12
027012_2.mp3,27_12.png,mp3,027012,027,012,27,_,12
027013.mp3,27_13.png,mp3,027013,027,013,27,_,13
027014.mp3,27_14.png,mp3,027014,027,014,27,_,14
027015.mp3,27_15.png,mp3,027015,027,015,27,_,15
027016_1.mp3,27_16.png,mp3,027016,027,016,27,_,16
027016_2.mp3,27_16.png,mp3,027016,027,016,27,_,16
027017.mp3,27_17.png,mp3,027017,027,017,27,_,17
027018_1.mp3,27_18.png,mp3,027018,027,018,27,_,18
027018_2.mp3,27_18.png,mp3,027018,027,018,27,_,18
027019_1.mp3,27_19.png,mp3,027019,027,019,27,_,19
027019_2.mp3,27_19.png,mp3,027019,027,019,27,_,19
027020.mp3,27_20.png,mp3,027020,027,020,27,_,20
027021.mp3,27_21.png,mp3,027021,027,021,27,_,21
027022.mp3,27_22.png,mp3,027022,027,022,27,_,22
027023.mp3,27_23.png,mp3,027023,027,023,27,_,23
027024_1.mp3,27_24.png,mp3,027024,027,024,27,_,24
027024_2.mp3,27_24.png,mp3,027024,027,024,27,_,24
027025.mp3,27_25.png,mp3,027025,027,025,27,_,25
027026.mp3,27_26.png,mp3,027026,027,026,27,_,26
027027.mp3,27_27.png,mp3,027027,027,027,27,_,27
027028.mp3,27_28.png,mp3,027028,027,028,27,_,28
027029.mp3,27_29.png,mp3,027029,027,029,27,_,29
027030.mp3,27_30.png,mp3,027030,027,030,27,_,30
027031.mp3,27_31.png,mp3,027031,027,031,27,_,31
027032.mp3,27_32.png,mp3,027032,027,032,27,_,32
027033.mp3,27_33.png,mp3,027033,027,033,27,_,33
027034.mp3,27_34.png,mp3,027034,027,034,27,_,34
027035.mp3,27_35.png,mp3,027035,027,035,27,_,35
027036_1.mp3,27_36.png,mp3,027036,027,036,27,_,36
027036_2.mp3,27_36.png,mp3,027036,027,036,27,_,36
027037_1.mp3,27_37.png,mp3,027037,027,037,27,_,37
027037_2.mp3,27_37.png,mp3,027037,027,037,27,_,37
027038.mp3,27_38.png,mp3,027038,027,038,27,_,38
027039_1.mp3,27_39.png,mp3,027039,027,039,27,_,39
027039_2.mp3,27_39.png,mp3,027039,027,039,27,_,39
027040_1.mp3,27_40.png,mp3,027040,027,040,27,_,40
027040_2.mp3,27_40.png,mp3,027040,027,040,27,_,40
027040_3.mp3,27_40.png,mp3,027040,027,040,27,_,40
027040_4.mp3,27_40.png,mp3,027040,027,040,27,_,40
027041.mp3,27_41.png,mp3,027041,027,041,27,_,41
027042_1.mp3,27_42.png,mp3,027042,027,042,27,_,42
027042_2.mp3,27_42.png,mp3,027042,027,042,27,_,42
027042_3.mp3,27_42.png,mp3,027042,027,042,27,_,42
027043.mp3,27_43.png,mp3,027043,027,043,27,_,43
027044_1.mp3,27_44.png,mp3,027044,027,044,27,_,44
027044_2.mp3,27_44.png,mp3,027044,027,044,27,_,44
027044_3.mp3,27_44.png,mp3,027044,027,044,27,_,44
027044_4.mp3,27_44.png,mp3,027044,027,044,27,_,44
027045.mp3,27_45.png,mp3,027045,027,045,27,_,45
027046_1.mp3,27_46.png,mp3,027046,027,046,27,_,46
027046_2.mp3,27_46.png,mp3,027046,027,046,27,_,46
027047_1.mp3,27_47.png,mp3,027047,027,047,27,_,47
027047_2.mp3,27_47.png,mp3,027047,027,047,27,_,47
027048.mp3,27_48.png,mp3,027048,027,048,27,_,48
027049_1.mp3,27_49.png,mp3,027049,027,049,27,_,49
027049_2.mp3,27_49.png,mp3,027049,027,049,27,_,49
027050.mp3,27_50.png,mp3,027050,027,050,27,_,50
027051.mp3,27_51.png,mp3,027051,027,051,27,_,51
027052.mp3,27_52.png,mp3,027052,027,052,27,_,52
027053.mp3,27_53.png,mp3,027053,027,053,27,_,53
027054.mp3,27_54.png,mp3,027054,027,054,27,_,54
027055.mp3,27_55.png,mp3,027055,027,055,27,_,55
027056_1.mp3,27_56.png,mp3,027056,027,056,27,_,56
027056_2.mp3,27_56.png,mp3,027056,027,056,27,_,56
027057.mp3,27_57.png,mp3,027057,027,057,27,_,57
027058.mp3,27_58.png,mp3,027058,027,058,27,_,58
027059.mp3,27_59.png,mp3,027059,027,059,27,_,59
027060_1.mp3,27_60.png,mp3,027060,027,060,27,_,60
027060_2.mp3,27_60.png,mp3,027060,027,060,27,_,60
027060_3.mp3,27_60.png,mp3,027060,027,060,27,_,60
027060_4.mp3,27_60.png,mp3,027060,027,060,27,_,60
027061.mp3,27_61.png,mp3,027061,027,061,27,_,61
027062.mp3,27_62.png,mp3,027062,027,062,27,_,62
027063_1.mp3,27_63.png,mp3,027063,027,063,27,_,63
027063_2.mp3,27_63.png,mp3,027063,027,063,27,_,63
027064.mp3,27_64.png,mp3,027064,027,064,27,_,64
027065_1.mp3,27_65.png,mp3,027065,027,065,27,_,65
027065_2.mp3,27_65.png,mp3,027065,027,065,27,_,65
027066.mp3,27_66.png,mp3,027066,027,066,27,_,66
027067.mp3,27_67.png,mp3,027067,027,067,27,_,67
027068.mp3,27_68.png,mp3,027068,027,068,27,_,68
027069.mp3,27_69.png,mp3,027069,027,069,27,_,69
027070.mp3,27_70.png,mp3,027070,027,070,27,_,70
027071.mp3,27_71.png,mp3,027071,027,071,27,_,71
027072.mp3,27_72.png,mp3,027072,027,072,27,_,72
027073.mp3,27_73.png,mp3,027073,027,073,27,_,73
027074.mp3,27_74.png,mp3,027074,027,074,27,_,74
027075.mp3,27_75.png,mp3,027075,027,075,27,_,75
027076.mp3,27_76.png,mp3,027076,027,076,27,_,76
027077.mp3,27_77.png,mp3,027077,027,077,27,_,77
027078.mp3,27_78.png,mp3,027078,027,078,27,_,78
027079.mp3,27_79.png,mp3,027079,027,079,27,_,79
027080.mp3,27_80.png,mp3,027080,027,080,27,_,80
027081.mp3,27_81.png,mp3,027081,027,081,27,_,81
027082.mp3,27_82.png,mp3,027082,027,082,27,_,82
027083.mp3,27_83.png,mp3,027083,027,083,27,_,83
027084.mp3,27_84.png,mp3,027084,027,084,27,_,84
027085.mp3,27_85.png,mp3,027085,027,085,27,_,85
027086_1.mp3,27_86.png,mp3,027086,027,086,27,_,86
027086_2.mp3,27_86.png,mp3,027086,027,086,27,_,86
027087_1.mp3,27_87.png,mp3,027087,027,087,27,_,87
027087_2.mp3,27_87.png,mp3,027087,027,087,27,_,87
027088_1.mp3,27_88.png,mp3,027088,027,088,27,_,88
027088_2.mp3,27_88.png,mp3,027088,027,088,27,_,88
027089.mp3,27_89.png,mp3,027089,027,089,27,_,89
027090.mp3,27_90.png,mp3,027090,027,090,27,_,90
027091.mp3,27_91.png,mp3,027091,027,091,27,_,91
027092.mp3,27_92.png,mp3,027092,027,092,27,_,92
027093.mp3,27_93.png,mp3,027093,027,093,27,_,93
028001_1.mp3,28_1.png,mp3,028001,028,001,28,_,1
028001_2.mp3,28_1.png,mp3,028001,028,001,28,_,1
028002.mp3,28_2.png,mp3,028002,028,002,28,_,2
028003.mp3,28_3.png,mp3,028003,028,003,28,_,3
028004_1.mp3,28_4.png,mp3,028004,028,004,28,_,4
028004_2.mp3,28_4.png,mp3,028004,028,004,28,_,4
028005.mp3,28_5.png,mp3,028005,028,005,28,_,5
028006.mp3,28_6.png,mp3,028006,028,006,28,_,6
028007_1.mp3,28_7.png,mp3,028007,028,007,28,_,7
028007_2.mp3,28_7.png,mp3,028007,028,007,28,_,7
028008_1.mp3,28_8.png,mp3,028008,028,008,28,_,8
028008_2.mp3,28_8.png,mp3,028008,028,008,28,_,8
028009_1.mp3,28_9.png,mp3,028009,028,009,28,_,9
028009_2.mp3,28_9.png,mp3,028009,028,009,28,_,9
028010.mp3,28_10.png,mp3,028010,028,010,28,_,10
028011.mp3,28_11.png,mp3,028011,028,011,28,_,11
028012_1.mp3,28_12.png,mp3,028012,028,012,28,_,12
028012_2.mp3,28_12.png,mp3,028012,028,012,28,_,12
028013_1.mp3,28_13.png,mp3,028013,028,013,28,_,13
028013_2.mp3,28_13.png,mp3,028013,028,013,28,_,13
028014.mp3,28_14.png,mp3,028014,028,014,28,_,14
028015.mp3,28_15.png,mp3,028015,028,015,28,_,15
028016.mp3,28_16.png,mp3,028016,028,016,28,_,16
028017.mp3,28_17.png,mp3,028017,028,017,28,_,17
028018_1.mp3,28_18.png,mp3,028018,028,018,28,_,18
028018_2.mp3,28_18.png,mp3,028018,028,018,28,_,18
028019_1.mp3,28_19.png,mp3,028019,028,019,28,_,19
028019_2.mp3,28_19.png,mp3,028019,028,019,28,_,19
028020_1.mp3,28_20.png,mp3,028020,028,020,28,_,20
028020_2.mp3,28_20.png,mp3,028020,028,020,28,_,20
028021.mp3,28_21.png,mp3,028021,028,021,28,_,21
028022.mp3,28_22.png,mp3,028022,028,022,28,_,22
028023_1.mp3,28_23.png,mp3,028023,028,023,28,_,23
028023_2.mp3,28_23.png,mp3,028023,028,023,28,_,23
028024.mp3,28_24.png,mp3,028024,028,024,28,_,24
028025_1.mp3,28_25.png,mp3,028025,028,025,28,_,25
028025_2.mp3,28_25.png,mp3,028025,028,025,28,_,25
028026_1.mp3,28_26.png,mp3,028026,028,026,28,_,26
028026_2.mp3,28_26.png,mp3,028026,028,026,28,_,26
028027_1.mp3,28_27.png,mp3,028027,028,027,28,_,27
028027_2.mp3,28_27.png,mp3,028027,028,027,28,_,27
028027_3.mp3,28_27.png,mp3,028027,028,027,28,_,27
028028.mp3,28_28.png,mp3,028028,028,028,28,_,28
028029.mp3,28_29.png,mp3,028029,028,029,28,_,29
028030_1.mp3,28_30.png,mp3,028030,028,030,28,_,30
028030_2.mp3,28_30.png,mp3,028030,028,030,28,_,30
028031.mp3,28_31.png,mp3,028031,028,031,28,_,31
028032_1.mp3,28_32.png,mp3,028032,028,032,28,_,32
028032_2.mp3,28_32.png,mp3,028032,028,032,28,_,32
028033.mp3,28_33.png,mp3,028033,028,033,28,_,33
028034.mp3,28_34.png,mp3,028034,028,034,28,_,34
028035.mp3,28_35.png,mp3,028035,028,035,28,_,35
028036.mp3,28_36.png,mp3,028036,028,036,28,_,36
028037.mp3,28_37.png,mp3,028037,028,037,28,_,37
028038_1.mp3,28_38.png,mp3,028038,028,038,28,_,38
028038_2.mp3,28_38.png,mp3,028038,028,038,28,_,38
028039.mp3,28_39.png,mp3,028039,028,039,28,_,39
028040_1.mp3,28_40.png,mp3,028040,028,040,28,_,40
028040_2.mp3,28_40.png,mp3,028040,028,040,28,_,40
028041.mp3,28_41.png,mp3,028041,028,041,28,_,41
028042.mp3,28_42.png,mp3,028042,028,042,28,_,42
028043.mp3,28_43.png,mp3,028043,028,043,28,_,43
028044.mp3,28_44.png,mp3,028044,028,044,28,_,44
028045.mp3,28_45.png,mp3,028045,028,045,28,_,45
028046_1.mp3,28_46.png,mp3,028046,028,046,28,_,46
028046_2.mp3,28_46.png,mp3,028046,028,046,28,_,46
028047.mp3,28_47.png,mp3,028047,028,047,28,_,47
028048.mp3,28_48.png,mp3,028048,028,048,28,_,48
028049.mp3,28_49.png,mp3,028049,028,049,28,_,49
028050.mp3,28_50.png,mp3,028050,028,050,28,_,50
028051.mp3,28_51.png,mp3,028051,028,051,28,_,51
028052.mp3,28_52.png,mp3,028052,028,052,28,_,52
028053.mp3,28_53.png,mp3,028053,028,053,28,_,53
028054.mp3,28_54.png,mp3,028054,028,054,28,_,54
028055.mp3,28_55.png,mp3,028055,028,055,28,_,55
028056.mp3,28_56.png,mp3,028056,028,056,28,_,56
028057_1.mp3,28_57.png,mp3,028057,028,057,28,_,57
028057_2.mp3,28_57.png,mp3,028057,028,057,28,_,57
028058.mp3,28_58.png,mp3,028058,028,058,28,_,58
028059_1.mp3,28_59.png,mp3,028059,028,059,28,_,59
028059_2.mp3,28_59.png,mp3,028059,028,059,28,_,59
028060_1.mp3,28_60.png,mp3,028060,028,060,28,_,60
028060_2.mp3,28_60.png,mp3,028060,028,060,28,_,60
028061.mp3,28_61.png,mp3,028061,028,061,28,_,61
028062.mp3,28_62.png,mp3,028062,028,062,28,_,62
028063.mp3,28_63.png,mp3,028063,028,063,28,_,63
028064.mp3,28_64.png,mp3,028064,028,064,28,_,64
028065.mp3,28_65.png,mp3,028065,028,065,28,_,65
028066.mp3,28_66.png,mp3,028066,028,066,28,_,66
028067.mp3,28_67.png,mp3,028067,028,067,28,_,67
028068.mp3,28_68.png,mp3,028068,028,068,28,_,68
028069.mp3,28_69.png,mp3,028069,028,069,28,_,69
028070.mp3,28_70.png,mp3,028070,028,070,28,_,70
028071.mp3,28_71.png,mp3,028071,028,071,28,_,71
028072_1.mp3,28_72.png,mp3,028072,028,072,28,_,72
028072_2.mp3,28_72.png,mp3,028072,028,072,28,_,72
028073.mp3,28_73.png,mp3,028073,028,073,28,_,73
028074.mp3,28_74.png,mp3,028074,028,074,28,_,74
028075.mp3,28_75.png,mp3,028075,028,075,28,_,75
028076_1.mp3,28_76.png,mp3,028076,028,076,28,_,76
028076_2.mp3,28_76.png,mp3,028076,028,076,28,_,76
028076_3.mp3,28_76.png,mp3,028076,028,076,28,_,76
028077.mp3,28_77.png,mp3,028077,028,077,28,_,77
028078_1.mp3,28_78.png,mp3,028078,028,078,28,_,78
028078_2.mp3,28_78.png,mp3,028078,028,078,28,_,78
028078_3.mp3,28_78.png,mp3,028078,028,078,28,_,78
028079.mp3,28_79.png,mp3,028079,028,079,28,_,79
028080.mp3,28_80.png,mp3,028080,028,080,28,_,80
028081_1.mp3,28_81.png,mp3,028081,028,081,28,_,81
028081_2.mp3,28_81.png,mp3,028081,028,081,28,_,81
028082_1.mp3,28_82.png,mp3,028082,028,082,28,_,82
028082_2.mp3,28_82.png,mp3,028082,028,082,28,_,82
028082_3.mp3,28_82.png,mp3,028082,028,082,28,_,82
028083.mp3,28_83.png,mp3,028083,028,083,28,_,83
028084.mp3,28_84.png,mp3,028084,028,084,28,_,84
028085.mp3,28_85.png,mp3,028085,028,085,28,_,85
028086.mp3,28_86.png,mp3,028086,028,086,28,_,86
028087.mp3,28_87.png,mp3,028087,028,087,28,_,87
028088.mp3,28_88.png,mp3,028088,028,088,28,_,88
029001_1.mp3,29_1.png,mp3,029001,029,001,29,_,1
029001_2.mp3,29_1.png,mp3,029001,029,001,29,_,1
029002.mp3,29_2.png,mp3,029002,029,002,29,_,2
029003.mp3,29_3.png,mp3,029003,029,003,29,_,3
029004.mp3,29_4.png,mp3,029004,029,004,29,_,4
029005.mp3,29_5.png,mp3,029005,029,005,29,_,5
029006.mp3,29_6.png,mp3,029006,029,006,29,_,6
029007.mp3,29_7.png,mp3,029007,029,007,29,_,7
029008_1.mp3,29_8.png,mp3,029008,029,008,29,_,8
029008_2.mp3,29_8.png,mp3,029008,029,008,29,_,8
029009.mp3,29_9.png,mp3,029009,029,009,29,_,9
029010_1.mp3,29_10.png,mp3,029010,029,010,29,_,10
029010_2.mp3,29_10.png,mp3,029010,029,010,29,_,10
029011.mp3,29_11.png,mp3,029011,029,011,29,_,11
029012.mp3,29_12.png,mp3,029012,029,012,29,_,12
029013_1.mp3,29_13.png,mp3,029013,029,013,29,_,13
029013_2.mp3,29_13.png,mp3,029013,029,013,29,_,13
029014.mp3,29_14.png,mp3,029014,029,014,29,_,14
029015.mp3,29_15.png,mp3,029015,029,015,29,_,15
029016.mp3,29_16.png,mp3,029016,029,016,29,_,16
029017.mp3,29_17.png,mp3,029017,029,017,29,_,17
029018.mp3,29_18.png,mp3,029018,029,018,29,_,18
029019.mp3,29_19.png,mp3,029019,029,019,29,_,19
029020_1.mp3,29_20.png,mp3,029020,029,020,29,_,20
029020_2.mp3,29_20.png,mp3,029020,029,020,29,_,20
029021.mp3,29_21.png,mp3,029021,029,021,29,_,21
029022.mp3,29_22.png,mp3,029022,029,022,29,_,22
029023.mp3,29_23.png,mp3,029023,029,023,29,_,23
029024_1.mp3,29_24.png,mp3,029024,029,024,29,_,24
029024_2.mp3,29_24.png,mp3,029024,029,024,29,_,24
029025.mp3,29_25.png,mp3,029025,029,025,29,_,25
029026.mp3,29_26.png,mp3,029026,029,026,29,_,26
029027_1.mp3,29_27.png,mp3,029027,029,027,29,_,27
029027_2.mp3,29_27.png,mp3,029027,029,027,29,_,27
029028.mp3,29_28.png,mp3,029028,029,028,29,_,28
029029.mp3,29_29.png,mp3,029029,029,029,29,_,29
029030.mp3,29_30.png,mp3,029030,029,030,29,_,30
029031_1.mp3,29_31.png,mp3,029031,029,031,29,_,31
029031_2.mp3,29_31.png,mp3,029031,029,031,29,_,31
029032.mp3,29_32.png,mp3,029032,029,032,29,_,32
029033_1.mp3,29_33.png,mp3,029033,029,033,29,_,33
029033_2.mp3,29_33.png,mp3,029033,029,033,29,_,33
029034.mp3,29_34.png,mp3,029034,029,034,29,_,34
029035.mp3,29_35.png,mp3,029035,029,035,29,_,35
029036.mp3,29_36.png,mp3,029036,029,036,29,_,36
029037.mp3,29_37.png,mp3,029037,029,037,29,_,37
029038_1.mp3,29_38.png,mp3,029038,029,038,29,_,38
029038_2.mp3,29_38.png,mp3,029038,029,038,29,_,38
029039.mp3,29_39.png,mp3,029039,029,039,29,_,39
029040_1.mp3,29_40.png,mp3,029040,029,040,29,_,40
029040_2.mp3,29_40.png,mp3,029040,029,040,29,_,40
029040_3.mp3,29_40.png,mp3,029040,029,040,29,_,40
029041_1.mp3,29_41.png,mp3,029041,029,041,29,_,41
029041_2.mp3,29_41.png,mp3,029041,029,041,29,_,41
029041_3.mp3,29_41.png,mp3,029041,029,041,29,_,41
029042_1.mp3,29_42.png,mp3,029042,029,042,29,_,42
029042_2.mp3,29_42.png,mp3,029042,029,042,29,_,42
029043.mp3,29_43.png,mp3,029043,029,043,29,_,43
029044_1.mp3,29_44.png,mp3,029044,029,044,29,_,44
029044_2.mp3,29_44.png,mp3,029044,029,044,29,_,44
029045.mp3,29_45.png,mp3,029045,029,045,29,_,45
029046_1.mp3,29_46.png,mp3,029046,029,046,29,_,46
029046_2.mp3,29_46.png,mp3,029046,029,046,29,_,46
029047_1.mp3,29_47.png,mp3,029047,029,047,29,_,47
029047_2.mp3,29_47.png,mp3,029047,029,047,29,_,47
029047_3.mp3,29_47.png,mp3,029047,029,047,29,_,47
029048_1.mp3,29_48.png,mp3,029048,029,048,29,_,48
029048_2.mp3,29_48.png,mp3,029048,029,048,29,_,48
029049_1.mp3,29_49.png,mp3,029049,029,049,29,_,49
029049_2.mp3,29_49.png,mp3,029049,029,049,29,_,49
029050_1.mp3,29_50.png,mp3,029050,029,050,29,_,50
029050_2.mp3,29_50.png,mp3,029050,029,050,29,_,50
029051.mp3,29_51.png,mp3,029051,029,051,29,_,51
029052_1.mp3,29_52.png,mp3,029052,029,052,29,_,52
029052_2.mp3,29_52.png,mp3,029052,029,052,29,_,52
029053.mp3,29_53.png,mp3,029053,029,053,29,_,53
029054.mp3,29_54.png,mp3,029054,029,054,29,_,54
029055.mp3,29_55.png,mp3,029055,029,055,29,_,55
029056.mp3,29_56.png,mp3,029056,029,056,29,_,56
029057_1.mp3,29_57.png,mp3,029057,029,057,29,_,57
029057_2.mp3,29_57.png,mp3,029057,029,057,29,_,57
029058.mp3,29_58.png,mp3,029058,029,058,29,_,58
029059.mp3,29_59.png,mp3,029059,029,059,29,_,59
029060_1.mp3,29_60.png,mp3,029060,029,060,29,_,60
029060_2.mp3,29_60.png,mp3,029060,029,060,29,_,60
029061_1.mp3,29_61.png,mp3,029061,029,061,29,_,61
029061_2.mp3,29_61.png,mp3,029061,029,061,29,_,61
029062.mp3,29_62.png,mp3,029062,029,062,29,_,62
029063.mp3,29_63.png,mp3,029063,029,063,29,_,63
029064_1.mp3,29_64.png,mp3,029064,029,064,29,_,64
029064_2.mp3,29_64.png,mp3,029064,029,064,29,_,64
029065.mp3,29_65.png,mp3,029065,029,065,29,_,65
029066.mp3,29_66.png,mp3,029066,029,066,29,_,66
029067.mp3,29_67.png,mp3,029067,029,067,29,_,67
029068_1.mp3,29_68.png,mp3,029068,029,068,29,_,68
029068_2.mp3,29_68.png,mp3,029068,029,068,29,_,68
029069.mp3,29_69.png,mp3,029069,029,069,29,_,69
030001.mp3,30_1.png,mp3,030001,030,001,30,_,1
030002.mp3,30_2.png,mp3,030002,030,002,30,_,2
030003.mp3,30_3.png,mp3,030003,030,003,30,_,3
030004.mp3,30_4.png,mp3,030004,030,004,30,_,4
030005.mp3,30_5.png,mp3,030005,030,005,30,_,5
030006.mp3,30_6.png,mp3,030006,030,006,30,_,6
030007.mp3,30_7.png,mp3,030007,030,007,30,_,7
030008.mp3,30_8.png,mp3,030008,030,008,30,_,8
030009_1.mp3,30_9.png,mp3,030009,030,009,30,_,9
030009_2.mp3,30_9.png,mp3,030009,030,009,30,_,9
030009_3.mp3,30_9.png,mp3,030009,030,009,30,_,9
030010.mp3,30_10.png,mp3,030010,030,010,30,_,10
030011.mp3,30_11.png,mp3,030011,030,011,30,_,11
030012.mp3,30_12.png,mp3,030012,030,012,30,_,12
030013.mp3,30_13.png,mp3,030013,030,013,30,_,13
030014.mp3,30_14.png,mp3,030014,030,014,30,_,14
030015.mp3,30_15.png,mp3,030015,030,015,30,_,15
030016.mp3,30_16.png,mp3,030016,030,016,30,_,16
030017.mp3,30_17.png,mp3,030017,030,017,30,_,17
030018.mp3,30_18.png,mp3,030018,030,018,30,_,18
030019.mp3,30_19.png,mp3,030019,030,019,30,_,19
030020.mp3,30_20.png,mp3,030020,030,020,30,_,20
030021_1.mp3,30_21.png,mp3,030021,030,021,30,_,21
030021_2.mp3,30_21.png,mp3,030021,030,021,30,_,21
030022_1.mp3,30_22.png,mp3,030022,030,022,30,_,22
030022_2.mp3,30_22.png,mp3,030022,030,022,30,_,22
030023.mp3,30_23.png,mp3,030023,030,023,30,_,23
030024_1.mp3,30_24.png,mp3,030024,030,024,30,_,24
030024_2.mp3,30_24.png,mp3,030024,030,024,30,_,24
030025_1.mp3,30_25.png,mp3,030025,030,025,30,_,25
030025_2.mp3,30_25.png,mp3,030025,030,025,30,_,25
030026.mp3,30_26.png,mp3,030026,030,026,30,_,26
030027_1.mp3,30_27.png,mp3,030027,030,027,30,_,27
030027_2.mp3,30_27.png,mp3,030027,030,027,30,_,27
030027_3.mp3,30_27.png,mp3,030027,030,027,30,_,27
030028.mp3,30_28.png,mp3,030028,030,028,30,_,28
030029.mp3,30_29.png,mp3,030029,030,029,30,_,29
030030_1.mp3,30_30.png,mp3,030030,030,030,30,_,30
030030_2.mp3,30_30.png,mp3,030030,030,030,30,_,30
030031.mp3,30_31.png,mp3,030031,030,031,30,_,31
030032.mp3,30_32.png,mp3,030032,030,032,30,_,32
030033.mp3,30_33.png,mp3,030033,030,033,30,_,33
030034.mp3,30_34.png,mp3,030034,030,034,30,_,34
030035.mp3,30_35.png,mp3,030035,030,035,30,_,35
030036.mp3,30_36.png,mp3,030036,030,036,30,_,36
030037.mp3,30_37.png,mp3,030037,030,037,30,_,37
030038.mp3,30_38.png,mp3,030038,030,038,30,_,38
030039_1.mp3,30_39.png,mp3,030039,030,039,30,_,39
030039_2.mp3,30_39.png,mp3,030039,030,039,30,_,39
030040_1.mp3,30_40.png,mp3,030040,030,040,30,_,40
030040_2.mp3,30_40.png,mp3,030040,030,040,30,_,40
030040_3.mp3,30_40.png,mp3,030040,030,040,30,_,40
030041.mp3,30_41.png,mp3,030041,030,041,30,_,41
030042.mp3,30_42.png,mp3,030042,030,042,30,_,42
030043.mp3,30_43.png,mp3,030043,030,043,30,_,43
030044_1.mp3,30_44.png,mp3,030044,030,044,30,_,44
030044_2.mp3,30_44.png,mp3,030044,030,044,30,_,44
030045.mp3,30_45.png,mp3,030045,030,045,30,_,45
030046_1.mp3,30_46.png,mp3,030046,030,046,30,_,46
030046_2.mp3,30_46.png,mp3,030046,030,046,30,_,46
030047_1.mp3,30_47.png,mp3,030047,030,047,30,_,47
030047_2.mp3,30_47.png,mp3,030047,030,047,30,_,47
030048.mp3,30_48.png,mp3,030048,030,048,30,_,48
030049.mp3,30_49.png,mp3,030049,030,049,30,_,49
030050.mp3,30_50.png,mp3,030050,030,050,30,_,50
030051.mp3,30_51.png,mp3,030051,030,051,30,_,51
030052.mp3,30_52.png,mp3,030052,030,052,30,_,52
030053.mp3,30_53.png,mp3,030053,030,053,30,_,53
030054.mp3,30_54.png,mp3,030054,030,054,30,_,54
030055.mp3,30_55.png,mp3,030055,030,055,30,_,55
030056_1.mp3,30_56.png,mp3,030056,030,056,30,_,56
030056_2.mp3,30_56.png,mp3,030056,030,056,30,_,56
030057.mp3,30_57.png,mp3,030057,030,057,30,_,57
030058_1.mp3,30_58.png,mp3,030058,030,058,30,_,58
030058_2.mp3,30_58.png,mp3,030058,030,058,30,_,58
030059.mp3,30_59.png,mp3,030059,030,059,30,_,59
030060.mp3,30_60.png,mp3,030060,030,060,30,_,60
031001_1.mp3,31_1.png,mp3,031001,031,001,31,_,1
031001_2.mp3,31_1.png,mp3,031001,031,001,31,_,1
031002.mp3,31_2.png,mp3,031002,031,002,31,_,2
031003.mp3,31_3.png,mp3,031003,031,003,31,_,3
031004.mp3,31_4.png,mp3,031004,031,004,31,_,4
031005.mp3,31_5.png,mp3,031005,031,005,31,_,5
031006_1.mp3,31_6.png,mp3,031006,031,006,31,_,6
031006_2.mp3,31_6.png,mp3,031006,031,006,31,_,6
031007_1.mp3,31_7.png,mp3,031007,031,007,31,_,7
031007_2.mp3,31_7.png,mp3,031007,031,007,31,_,7
031008.mp3,31_8.png,mp3,031008,031,008,31,_,8
031009.mp3,31_9.png,mp3,031009,031,009,31,_,9
031010_1.mp3,31_10.png,mp3,031010,031,010,31,_,10
031010_2.mp3,31_10.png,mp3,031010,031,010,31,_,10
031011_1.mp3,31_11.png,mp3,031011,031,011,31,_,11
031011_2.mp3,31_11.png,mp3,031011,031,011,31,_,11
031012.mp3,31_12.png,mp3,031012,031,012,31,_,12
031013.mp3,31_13.png,mp3,031013,031,013,31,_,13
031014_1.mp3,31_14.png,mp3,031014,031,014,31,_,14
031014_2.mp3,31_14.png,mp3,031014,031,014,31,_,14
031015_1.mp3,31_15.png,mp3,031015,031,015,31,_,15
031015_2.mp3,31_15.png,mp3,031015,031,015,31,_,15
031015_3.mp3,31_15.png,mp3,031015,031,015,31,_,15
031016_1.mp3,31_16.png,mp3,031016,031,016,31,_,16
031016_2.mp3,31_16.png,mp3,031016,031,016,31,_,16
031017_1.mp3,31_17.png,mp3,031017,031,017,31,_,17
031017_2.mp3,31_17.png,mp3,031017,031,017,31,_,17
031018.mp3,31_18.png,mp3,031018,031,018,31,_,18
031019_1.mp3,31_19.png,mp3,031019,031,019,31,_,19
031019_2.mp3,31_19.png,mp3,031019,031,019,31,_,19
031020.mp3,31_20.png,mp3,031020,031,020,31,_,20
031021_1.mp3,31_21.png,mp3,031021,031,021,31,_,21
031021_2.mp3,31_21.png,mp3,031021,031,021,31,_,21
031022_1.mp3,31_22.png,mp3,031022,031,022,31,_,22
031022_2.mp3,31_22.png,mp3,031022,031,022,31,_,22
031023_1.mp3,31_23.png,mp3,031023,031,023,31,_,23
031023_2.mp3,31_23.png,mp3,031023,031,023,31,_,23
031023_3.mp3,31_23.png,mp3,031023,031,023,31,_,23
031024.mp3,31_24.png,mp3,031024,031,024,31,_,24
031025.mp3,31_25.png,mp3,031025,031,025,31,_,25
031026.mp3,31_26.png,mp3,031026,031,026,31,_,26
031027_1.mp3,31_27.png,mp3,031027,031,027,31,_,27
031027_2.mp3,31_27.png,mp3,031027,031,027,31,_,27
031028.mp3,31_28.png,mp3,031028,031,028,31,_,28
031029_1.mp3,31_29.png,mp3,031029,031,029,31,_,29
031029_2.mp3,31_29.png,mp3,031029,031,029,31,_,29
031030.mp3,31_30.png,mp3,031030,031,030,31,_,30
031031_1.mp3,31_31.png,mp3,031031,031,031,31,_,31
031031_2.mp3,31_31.png,mp3,031031,031,031,31,_,31
031032_1.mp3,31_32.png,mp3,031032,031,032,31,_,32
031032_2.mp3,31_32.png,mp3,031032,031,032,31,_,32
031033_1.mp3,31_33.png,mp3,031033,031,033,31,_,33
031033_2.mp3,31_33.png,mp3,031033,031,033,31,_,33
031033_3.mp3,31_33.png,mp3,031033,031,033,31,_,33
031034_1.mp3,31_34.png,mp3,031034,031,034,31,_,34
031034_2.mp3,31_34.png,mp3,031034,031,034,31,_,34
032001_1.mp3,32_1.png,mp3,032001,032,001,32,_,1
032001_2.mp3,32_1.png,mp3,032001,032,001,32,_,1
032002.mp3,32_2.png,mp3,032002,032,002,32,_,2
032003.mp3,32_3.png,mp3,032003,032,003,32,_,3
032004.mp3,32_4.png,mp3,032004,032,004,32,_,4
032005.mp3,32_5.png,mp3,032005,032,005,32,_,5
032006.mp3,32_6.png,mp3,032006,032,006,32,_,6
032007_1.mp3,32_7.png,mp3,032007,032,007,32,_,7
032007_2.mp3,32_7.png,mp3,032007,032,007,32,_,7
032008.mp3,32_8.png,mp3,032008,032,008,32,_,8
032009_1.mp3,32_9.png,mp3,032009,032,009,32,_,9
032009_2.mp3,32_9.png,mp3,032009,032,009,32,_,9
032010_1.mp3,32_10.png,mp3,032010,032,010,32,_,10
032010_2.mp3,32_10.png,mp3,032010,032,010,32,_,10
032011.mp3,32_11.png,mp3,032011,032,011,32,_,11
032012.mp3,32_12.png,mp3,032012,032,012,32,_,12
032013.mp3,32_13.png,mp3,032013,032,013,32,_,13
032014_1.mp3,32_14.png,mp3,032014,032,014,32,_,14
032014_2.mp3,32_14.png,mp3,032014,032,014,32,_,14
032015.mp3,32_15.png,mp3,032015,032,015,32,_,15
032016.mp3,32_16.png,mp3,032016,032,016,32,_,16
032017.mp3,32_17.png,mp3,032017,032,017,32,_,17
032018.mp3,32_18.png,mp3,032018,032,018,32,_,18
032019.mp3,32_19.png,mp3,032019,032,019,32,_,19
032020_1.mp3,32_20.png,mp3,032020,032,020,32,_,20
032020_2.mp3,32_20.png,mp3,032020,032,020,32,_,20
032021.mp3,32_21.png,mp3,032021,032,021,32,_,21
032022.mp3,32_22.png,mp3,032022,032,022,32,_,22
032023.mp3,32_23.png,mp3,032023,032,023,32,_,23
032024_1.mp3,32_24.png,mp3,032024,032,024,32,_,24
032024_2.mp3,32_24.png,mp3,032024,032,024,32,_,24
032025.mp3,32_25.png,mp3,032025,032,025,32,_,25
032026_1.mp3,32_26.png,mp3,032026,032,026,32,_,26
032026_2.mp3,32_26.png,mp3,032026,032,026,32,_,26
032027_1.mp3,32_27.png,mp3,032027,032,027,32,_,27
032027_2.mp3,32_27.png,mp3,032027,032,027,32,_,27
032028.mp3,32_28.png,mp3,032028,032,028,32,_,28
032029.mp3,32_29.png,mp3,032029,032,029,32,_,29
032030.mp3,32_30.png,mp3,032030,032,030,32,_,30
033001_1.mp3,33_1.png,mp3,033001,033,001,33,_,1
033001_2.mp3,33_1.png,mp3,033001,033,001,33,_,1
033001_3.mp3,33_1.png,mp3,033001,033,001,33,_,1
033002_1.mp3,33_2.png,mp3,033002,033,002,33,_,2
033002_2.mp3,33_2.png,mp3,033002,033,002,33,_,2
033003_1.mp3,33_3.png,mp3,033003,033,003,33,_,3
033003_2.mp3,33_3.png,mp3,033003,033,003,33,_,3
033004_1.mp3,33_4.png,mp3,033004,033,004,33,_,4
033004_2.mp3,33_4.png,mp3,033004,033,004,33,_,4
033005_1.mp3,33_5.png,mp3,033005,033,005,33,_,5
033005_2.mp3,33_5.png,mp3,033005,033,005,33,_,5
033005_3.mp3,33_5.png,mp3,033005,033,005,33,_,5
033006_1.mp3,33_6.png,mp3,033006,033,006,33,_,6
033006_2.mp3,33_6.png,mp3,033006,033,006,33,_,6
033006_3.mp3,33_6.png,mp3,033006,033,006,33,_,6
033007_1.mp3,33_7.png,mp3,033007,033,007,33,_,7
033007_2.mp3,33_7.png,mp3,033007,033,007,33,_,7
033008.mp3,33_8.png,mp3,033008,033,008,33,_,8
033009_1.mp3,33_9.png,mp3,033009,033,009,33,_,9
033009_2.mp3,33_9.png,mp3,033009,033,009,33,_,9
033010.mp3,33_10.png,mp3,033010,033,010,33,_,10
033011.mp3,33_11.png,mp3,033011,033,011,33,_,11
033012.mp3,33_12.png,mp3,033012,033,012,33,_,12
033013_1.mp3,33_13.png,mp3,033013,033,013,33,_,13
033013_2.mp3,33_13.png,mp3,033013,033,013,33,_,13
033014.mp3,33_14.png,mp3,033014,033,014,33,_,14
033015.mp3,33_15.png,mp3,033015,033,015,33,_,15
033016.mp3,33_16.png,mp3,033016,033,016,33,_,16
033017.mp3,33_17.png,mp3,033017,033,017,33,_,17
033018.mp3,33_18.png,mp3,033018,033,018,33,_,18
033019.mp3,33_19.png,mp3,033019,033,019,33,_,19
033020_1.mp3,33_20.png,mp3,033020,033,020,33,_,20
033020_2.mp3,33_20.png,mp3,033020,033,020,33,_,20
033020_3.mp3,33_20.png,mp3,033020,033,020,33,_,20
033021.mp3,33_21.png,mp3,033021,033,021,33,_,21
033022_1.mp3,33_22.png,mp3,033022,033,022,33,_,22
033022_2.mp3,33_22.png,mp3,033022,033,022,33,_,22
033023_1.mp3,33_23.png,mp3,033023,033,023,33,_,23
033023_2.mp3,33_23.png,mp3,033023,033,023,33,_,23
033023_3.mp3,33_23.png,mp3,033023,033,023,33,_,23
033024_1.mp3,33_24.png,mp3,033024,033,024,33,_,24
033024_2.mp3,33_24.png,mp3,033024,033,024,33,_,24
033025.mp3,33_25.png,mp3,033025,033,025,33,_,25
033026.mp3,33_26.png,mp3,033026,033,026,33,_,26
033027.mp3,33_27.png,mp3,033027,033,027,33,_,27
033028_1.mp3,33_28.png,mp3,033028,033,028,33,_,28
033028_2.mp3,33_28.png,mp3,033028,033,028,33,_,28
033029.mp3,33_29.png,mp3,033029,033,029,33,_,29
033030_1.mp3,33_30.png,mp3,033030,033,030,33,_,30
033030_2.mp3,33_30.png,mp3,033030,033,030,33,_,30
033031.mp3,33_31.png,mp3,033031,033,031,33,_,31
033032_1.mp3,33_32.png,mp3,033032,033,032,33,_,32
033032_2.mp3,33_32.png,mp3,033032,033,032,33,_,32
033033.mp3,33_33.png,mp3,033033,033,033,33,_,33
033034_1.mp3,33_34.png,mp3,033034,033,034,33,_,34
033034_2.mp3,33_34.png,mp3,033034,033,034,33,_,34
033035_1.mp3,33_35.png,mp3,033035,033,035,33,_,35
033035_2.mp3,33_35.png,mp3,033035,033,035,33,_,35
033035_3.mp3,33_35.png,mp3,033035,033,035,33,_,35
033036.mp3,33_36.png,mp3,033036,033,036,33,_,36
033037_1.mp3,33_37.png,mp3,033037,033,037,33,_,37
033037_2.mp3,33_37.png,mp3,033037,033,037,33,_,37
033037_3.mp3,33_37.png,mp3,033037,033,037,33,_,37
033038_1.mp3,33_38.png,mp3,033038,033,038,33,_,38
033038_2.mp3,33_38.png,mp3,033038,033,038,33,_,38
033039_1.mp3,33_39.png,mp3,033039,033,039,33,_,39
033039_2.mp3,33_39.png,mp3,033039,033,039,33,_,39
033040_1.mp3,33_40.png,mp3,033040,033,040,33,_,40
033040_2.mp3,33_40.png,mp3,033040,033,040,33,_,40
033041.mp3,33_41.png,mp3,033041,033,041,33,_,41
033042.mp3,33_42.png,mp3,033042,033,042,33,_,42
033043_1.mp3,33_43.png,mp3,033043,033,043,33,_,43
033043_2.mp3,33_43.png,mp3,033043,033,043,33,_,43
033044.mp3,33_44.png,mp3,033044,033,044,33,_,44
033045.mp3,33_45.png,mp3,033045,033,045,33,_,45
033046.mp3,33_46.png,mp3,033046,033,046,33,_,46
033047.mp3,33_47.png,mp3,033047,033,047,33,_,47
033048.mp3,33_48.png,mp3,033048,033,048,33,_,48
033049_1.mp3,33_49.png,mp3,033049,033,049,33,_,49
033049_2.mp3,33_49.png,mp3,033049,033,049,33,_,49
033050_1.mp3,33_50.png,mp3,033050,033,050,33,_,50
033050_2.mp3,33_50.png,mp3,033050,033,050,33,_,50
033050_3.mp3,33_50.png,mp3,033050,033,050,33,_,50
033050_4.mp3,33_50.png,mp3,033050,033,050,33,_,50
033050_5.mp3,33_50.png,mp3,033050,033,050,33,_,50
033051_1.mp3,33_51.png,mp3,033051,033,051,33,_,51
033051_2.mp3,33_51.png,mp3,033051,033,051,33,_,51
033051_3.mp3,33_51.png,mp3,033051,033,051,33,_,51
033051_4.mp3,33_51.png,mp3,033051,033,051,33,_,51
033052_1.mp3,33_52.png,mp3,033052,033,052,33,_,52
033052_2.mp3,33_52.png,mp3,033052,033,052,33,_,52
033053_1.mp3,33_53.png,mp3,033053,033,053,33,_,53
033053_2.mp3,33_53.png,mp3,033053,033,053,33,_,53
033053_3.mp3,33_53.png,mp3,033053,033,053,33,_,53
033053_4.mp3,33_53.png,mp3,033053,033,053,33,_,53
033053_5.mp3,33_53.png,mp3,033053,033,053,33,_,53
033054.mp3,33_54.png,mp3,033054,033,054,33,_,54
033055_1.mp3,33_55.png,mp3,033055,033,055,33,_,55
033055_2.mp3,33_55.png,mp3,033055,033,055,33,_,55
033055_3.mp3,33_55.png,mp3,033055,033,055,33,_,55
033055_4.mp3,33_55.png,mp3,033055,033,055,33,_,55
033056.mp3,33_56.png,mp3,033056,033,056,33,_,56
033057.mp3,33_57.png,mp3,033057,033,057,33,_,57
033058.mp3,33_58.png,mp3,033058,033,058,33,_,58
033059_1.mp3,33_59.png,mp3,033059,033,059,33,_,59
033059_2.mp3,33_59.png,mp3,033059,033,059,33,_,59
033059_3.mp3,33_59.png,mp3,033059,033,059,33,_,59
033060.mp3,33_60.png,mp3,033060,033,060,33,_,60
033061.mp3,33_61.png,mp3,033061,033,061,33,_,61
033062_1.mp3,33_62.png,mp3,033062,033,062,33,_,62
033062_2.mp3,33_62.png,mp3,033062,033,062,33,_,62
033063_1.mp3,33_63.png,mp3,033063,033,063,33,_,63
033063_2.mp3,33_63.png,mp3,033063,033,063,33,_,63
033064.mp3,33_64.png,mp3,033064,033,064,33,_,64
033065.mp3,33_65.png,mp3,033065,033,065,33,_,65
033066.mp3,33_66.png,mp3,033066,033,066,33,_,66
033067.mp3,33_67.png,mp3,033067,033,067,33,_,67
033068.mp3,33_68.png,mp3,033068,033,068,33,_,68
033069_1.mp3,33_69.png,mp3,033069,033,069,33,_,69
033069_2.mp3,33_69.png,mp3,033069,033,069,33,_,69
033070.mp3,33_70.png,mp3,033070,033,070,33,_,70
033071_1.mp3,33_71.png,mp3,033071,033,071,33,_,71
033071_2.mp3,33_71.png,mp3,033071,033,071,33,_,71
033072_1.mp3,33_72.png,mp3,033072,033,072,33,_,72
033072_2.mp3,33_72.png,mp3,033072,033,072,33,_,72
033073_1.mp3,33_73.png,mp3,033073,033,073,33,_,73
033073_2.mp3,33_73.png,mp3,033073,033,073,33,_,73
034001_1.mp3,34_1.png,mp3,034001,034,001,34,_,1
034001_2.mp3,34_1.png,mp3,034001,034,001,34,_,1
034002.mp3,34_2.png,mp3,034002,034,002,34,_,2
034003_1.mp3,34_3.png,mp3,034003,034,003,34,_,3
034003_2.mp3,34_3.png,mp3,034003,034,003,34,_,3
034004_1.mp3,34_4.png,mp3,034004,034,004,34,_,4
034004_2.mp3,34_4.png,mp3,034004,034,004,34,_,4
034005.mp3,34_5.png,mp3,034005,034,005,34,_,5
034006.mp3,34_6.png,mp3,034006,034,006,34,_,6
034007.mp3,34_7.png,mp3,034007,034,007,34,_,7
034008_1.mp3,34_8.png,mp3,034008,034,008,34,_,8
034008_2.mp3,34_8.png,mp3,034008,034,008,34,_,8
034009_1.mp3,34_9.png,mp3,034009,034,009,34,_,9
034009_2.mp3,34_9.png,mp3,034009,034,009,34,_,9
034010_1.mp3,34_10.png,mp3,034010,034,010,34,_,10
034010_2.mp3,34_10.png,mp3,034010,034,010,34,_,10
034011_1.mp3,34_11.png,mp3,034011,034,011,34,_,11
034011_2.mp3,34_11.png,mp3,034011,034,011,34,_,11
034012_1.mp3,34_12.png,mp3,034012,034,012,34,_,12
034012_2.mp3,34_12.png,mp3,034012,034,012,34,_,12
034013_1.mp3,34_13.png,mp3,034013,034,013,34,_,13
034013_2.mp3,34_13.png,mp3,034013,034,013,34,_,13
034014.mp3,34_14.png,mp3,034014,034,014,34,_,14
034015.mp3,34_15.png,mp3,034015,034,015,34,_,15
034016_1.mp3,34_16.png,mp3,034016,034,016,34,_,16
034016_2.mp3,34_16.png,mp3,034016,034,016,34,_,16
034017.mp3,34_17.png,mp3,034017,034,017,34,_,17
034018_1.mp3,34_18.png,mp3,034018,034,018,34,_,18
034018_2.mp3,34_18.png,mp3,034018,034,018,34,_,18
034019_1.mp3,34_19.png,mp3,034019,034,019,34,_,19
034019_2.mp3,34_19.png,mp3,034019,034,019,34,_,19
034020.mp3,34_20.png,mp3,034020,034,020,34,_,20
034021_1.mp3,34_21.png,mp3,034021,034,021,34,_,21
034021_2.mp3,34_21.png,mp3,034021,034,021,34,_,21
034022_1.mp3,34_22.png,mp3,034022,034,022,34,_,22
034022_2.mp3,34_22.png,mp3,034022,034,022,34,_,22
034023_1.mp3,34_23.png,mp3,034023,034,023,34,_,23
034023_2.mp3,34_23.png,mp3,034023,034,023,34,_,23
034023_3.mp3,34_23.png,mp3,034023,034,023,34,_,23
034023_4.mp3,34_23.png,mp3,034023,034,023,34,_,23
034024.mp3,34_24.png,mp3,034024,034,024,34,_,24
034025.mp3,34_25.png,mp3,034025,034,025,34,_,25
034026.mp3,34_26.png,mp3,034026,034,026,34,_,26
034027.mp3,34_27.png,mp3,034027,034,027,34,_,27
034028.mp3,34_28.png,mp3,034028,034,028,34,_,28
034029.mp3,34_29.png,mp3,034029,034,029,34,_,29
034030.mp3,34_30.png,mp3,034030,034,030,34,_,30
034031_1.mp3,34_31.png,mp3,034031,034,031,34,_,31
034031_2.mp3,34_31.png,mp3,034031,034,031,34,_,31
034032_1.mp3,34_32.png,mp3,034032,034,032,34,_,32
034032_2.mp3,34_32.png,mp3,034032,034,032,34,_,32
034033_1.mp3,34_33.png,mp3,034033,034,033,34,_,33
034033_2.mp3,34_33.png,mp3,034033,034,033,34,_,33
034034.mp3,34_34.png,mp3,034034,034,034,34,_,34
034035.mp3,34_35.png,mp3,034035,034,035,34,_,35
034036.mp3,34_36.png,mp3,034036,034,036,34,_,36
034037_1.mp3,34_37.png,mp3,034037,034,037,34,_,37
034037_2.mp3,34_37.png,mp3,034037,034,037,34,_,37
034038.mp3,34_38.png,mp3,034038,034,038,34,_,38
034039.mp3,34_39.png,mp3,034039,034,039,34,_,39
034040.mp3,34_40.png,mp3,034040,034,040,34,_,40
034041_1.mp3,34_41.png,mp3,034041,034,041,34,_,41
034041_2.mp3,34_41.png,mp3,034041,034,041,34,_,41
034041_3.mp3,34_41.png,mp3,034041,034,041,34,_,41
034042.mp3,34_42.png,mp3,034042,034,042,34,_,42
034043_1.mp3,34_43.png,mp3,034043,034,043,34,_,43
034043_2.mp3,34_43.png,mp3,034043,034,043,34,_,43
034044.mp3,34_44.png,mp3,034044,034,044,34,_,44
034045_1.mp3,34_45.png,mp3,034045,034,045,34,_,45
034045_2.mp3,34_45.png,mp3,034045,034,045,34,_,45
034046_1.mp3,34_46.png,mp3,034046,034,046,34,_,46
034046_2.mp3,34_46.png,mp3,034046,034,046,34,_,46
034046_3.mp3,34_46.png,mp3,034046,034,046,34,_,46
034047.mp3,34_47.png,mp3,034047,034,047,34,_,47
034048.mp3,34_48.png,mp3,034048,034,048,34,_,48
034049.mp3,34_49.png,mp3,034049,034,049,34,_,49
034050_1.mp3,34_50.png,mp3,034050,034,050,34,_,50
034050_2.mp3,34_50.png,mp3,034050,034,050,34,_,50
034050_3.mp3,34_50.png,mp3,034050,034,050,34,_,50
034051.mp3,34_51.png,mp3,034051,034,051,34,_,51
034052.mp3,34_52.png,mp3,034052,034,052,34,_,52
034053.mp3,34_53.png,mp3,034053,034,053,34,_,53
034054_1.mp3,34_54.png,mp3,034054,034,054,34,_,54
034054_2.mp3,34_54.png,mp3,034054,034,054,34,_,54
035001_1.mp3,35_1.png,mp3,035001,035,001,35,_,1
035001_2.mp3,35_1.png,mp3,035001,035,001,35,_,1
035001_3.mp3,35_1.png,mp3,035001,035,001,35,_,1
035002.mp3,35_2.png,mp3,035002,035,002,35,_,2
035003_1.mp3,35_3.png,mp3,035003,035,003,35,_,3
035003_2.mp3,35_3.png,mp3,035003,035,003,35,_,3
035003_3.mp3,35_3.png,mp3,035003,035,003,35,_,3
035004_1.mp3,35_4.png,mp3,035004,035,004,35,_,4
035004_2.mp3,35_4.png,mp3,035004,035,004,35,_,4
035005_1.mp3,35_5.png,mp3,035005,035,005,35,_,5
035005_2.mp3,35_5.png,mp3,035005,035,005,35,_,5
035006_1.mp3,35_6.png,mp3,035006,035,006,35,_,6
035006_2.mp3,35_6.png,mp3,035006,035,006,35,_,6
035007_1.mp3,35_7.png,mp3,035007,035,007,35,_,7
035007_2.mp3,35_7.png,mp3,035007,035,007,35,_,7
035008_1.mp3,35_8.png,mp3,035008,035,008,35,_,8
035008_2.mp3,35_8.png,mp3,035008,035,008,35,_,8
035009.mp3,35_9.png,mp3,035009,035,009,35,_,9
035010_1.mp3,35_10.png,mp3,035010,035,010,35,_,10
035010_2.mp3,35_10.png,mp3,035010,035,010,35,_,10
035010_3.mp3,35_10.png,mp3,035010,035,010,35,_,10
035011_1.mp3,35_11.png,mp3,035011,035,011,35,_,11
035011_2.mp3,35_11.png,mp3,035011,035,011,35,_,11
035011_3.mp3,35_11.png,mp3,035011,035,011,35,_,11
035011_4.mp3,35_11.png,mp3,035011,035,011,35,_,11
035012_1.mp3,35_12.png,mp3,035012,035,012,35,_,12
035012_2.mp3,35_12.png,mp3,035012,035,012,35,_,12
035012_3.mp3,35_12.png,mp3,035012,035,012,35,_,12
035013_1.mp3,35_13.png,mp3,035013,035,013,35,_,13
035013_2.mp3,35_13.png,mp3,035013,035,013,35,_,13
035014_1.mp3,35_14.png,mp3,035014,035,014,35,_,14
035014_2.mp3,35_14.png,mp3,035014,035,014,35,_,14
035014_3.mp3,35_14.png,mp3,035014,035,014,35,_,14
035015.mp3,35_15.png,mp3,035015,035,015,35,_,15
035016.mp3,35_16.png,mp3,035016,035,016,35,_,16
035017.mp3,35_17.png,mp3,035017,035,017,35,_,17
035018_1.mp3,35_18.png,mp3,035018,035,018,35,_,18
035018_2.mp3,35_18.png,mp3,035018,035,018,35,_,18
035018_3.mp3,35_18.png,mp3,035018,035,018,35,_,18
035019.mp3,35_19.png,mp3,035019,035,019,35,_,19
035020.mp3,35_20.png,mp3,035020,035,020,35,_,20
035021.mp3,35_21.png,mp3,035021,035,021,35,_,21
035022.mp3,35_22.png,mp3,035022,035,022,35,_,22
035023.mp3,35_23.png,mp3,035023,035,023,35,_,23
035024.mp3,35_24.png,mp3,035024,035,024,35,_,24
035025.mp3,35_25.png,mp3,035025,035,025,35,_,25
035026.mp3,35_26.png,mp3,035026,035,026,35,_,26
035027_1.mp3,35_27.png,mp3,035027,035,027,35,_,27
035027_2.mp3,35_27.png,mp3,035027,035,027,35,_,27
035028_1.mp3,35_28.png,mp3,035028,035,028,35,_,28
035028_2.mp3,35_28.png,mp3,035028,035,028,35,_,28
035029_1.mp3,35_29.png,mp3,035029,035,029,35,_,29
035029_2.mp3,35_29.png,mp3,035029,035,029,35,_,29
035030_1.mp3,35_30.png,mp3,035030,035,030,35,_,30
035030_2.mp3,35_30.png,mp3,035030,035,030,35,_,30
035031_1.mp3,35_31.png,mp3,035031,035,031,35,_,31
035031_2.mp3,35_31.png,mp3,035031,035,031,35,_,31
035032_1.mp3,35_32.png,mp3,035032,035,032,35,_,32
035032_2.mp3,35_32.png,mp3,035032,035,032,35,_,32
035033.mp3,35_33.png,mp3,035033,035,033,35,_,33
035034_1.mp3,35_34.png,mp3,035034,035,034,35,_,34
035034_2.mp3,35_34.png,mp3,035034,035,034,35,_,34
035035.mp3,35_35.png,mp3,035035,035,035,35,_,35
035036.mp3,35_36.png,mp3,035036,035,036,35,_,36
035037_1.mp3,35_37.png,mp3,035037,035,037,35,_,37
035037_2.mp3,35_37.png,mp3,035037,035,037,35,_,37
035037_3.mp3,35_37.png,mp3,035037,035,037,35,_,37
035038_1.mp3,35_38.png,mp3,035038,035,038,35,_,38
035038_2.mp3,35_38.png,mp3,035038,035,038,35,_,38
035039_1.mp3,35_39.png,mp3,035039,035,039,35,_,39
035039_2.mp3,35_39.png,mp3,035039,035,039,35,_,39
035040_1.mp3,35_40.png,mp3,035040,035,040,35,_,40
035040_2.mp3,35_40.png,mp3,035040,035,040,35,_,40
035040_3.mp3,35_40.png,mp3,035040,035,040,35,_,40
035041.mp3,35_41.png,mp3,035041,035,041,35,_,41
035042_1.mp3,35_42.png,mp3,035042,035,042,35,_,42
035042_2.mp3,35_42.png,mp3,035042,035,042,35,_,42
035043.mp3,35_43.png,mp3,035043,035,043,35,_,43
035044_1.mp3,35_44.png,mp3,035044,035,044,35,_,44
035044_2.mp3,35_44.png,mp3,035044,035,044,35,_,44
035044_3.mp3,35_44.png,mp3,035044,035,044,35,_,44
035045_1.mp3,35_45.png,mp3,035045,035,045,35,_,45
035045_2.mp3,35_45.png,mp3,035045,035,045,35,_,45
036001_1.mp3,36_1.png,mp3,036001,036,001,36,_,1
036001_2.mp3,36_1.png,mp3,036001,036,001,36,_,1
036002.mp3,36_2.png,mp3,036002,036,002,36,_,2
036003.mp3,36_3.png,mp3,036003,036,003,36,_,3
036004.mp3,36_4.png,mp3,036004,036,004,36,_,4
036005.mp3,36_5.png,mp3,036005,036,005,36,_,5
036006.mp3,36_6.png,mp3,036006,036,006,36,_,6
036007.mp3,36_7.png,mp3,036007,036,007,36,_,7
036008.mp3,36_8.png,mp3,036008,036,008,36,_,8
036009.mp3,36_9.png,mp3,036009,036,009,36,_,9
036010.mp3,36_10.png,mp3,036010,036,010,36,_,10
036011_1.mp3,36_11.png,mp3,036011,036,011,36,_,11
036011_2.mp3,36_11.png,mp3,036011,036,011,36,_,11
036012.mp3,36_12.png,mp3,036012,036,012,36,_,12
036013.mp3,36_13.png,mp3,036013,036,013,36,_,13
036014.mp3,36_14.png,mp3,036014,036,014,36,_,14
036015.mp3,36_15.png,mp3,036015,036,015,36,_,15
036016.mp3,36_16.png,mp3,036016,036,016,36,_,16
036017.mp3,36_17.png,mp3,036017,036,017,36,_,17
036018.mp3,36_18.png,mp3,036018,036,018,36,_,18
036019_1.mp3,36_19.png,mp3,036019,036,019,36,_,19
036019_2.mp3,36_19.png,mp3,036019,036,019,36,_,19
036019_3.mp3,36_19.png,mp3,036019,036,019,36,_,19
036020.mp3,36_20.png,mp3,036020,036,020,36,_,20
036021.mp3,36_21.png,mp3,036021,036,021,36,_,21
036022.mp3,36_22.png,mp3,036022,036,022,36,_,22
036023.mp3,36_23.png,mp3,036023,036,023,36,_,23
036024.mp3,36_24.png,mp3,036024,036,024,36,_,24
036025.mp3,36_25.png,mp3,036025,036,025,36,_,25
036026_1.mp3,36_26.png,mp3,036026,036,026,36,_,26
036026_2.mp3,36_26.png,mp3,036026,036,026,36,_,26
036027.mp3,36_27.png,mp3,036027,036,027,36,_,27
036028.mp3,36_28.png,mp3,036028,036,028,36,_,28
036029.mp3,36_29.png,mp3,036029,036,029,36,_,29
036030.mp3,36_30.png,mp3,036030,036,030,36,_,30
036031.mp3,36_31.png,mp3,036031,036,031,36,_,31
036032.mp3,36_32.png,mp3,036032,036,032,36,_,32
036033.mp3,36_33.png,mp3,036033,036,033,36,_,33
036034.mp3,36_34.png,mp3,036034,036,034,36,_,34
036035.mp3,36_35.png,mp3,036035,036,035,36,_,35
036036.mp3,36_36.png,mp3,036036,036,036,36,_,36
036037.mp3,36_37.png,mp3,036037,036,037,36,_,37
036038.mp3,36_38.png,mp3,036038,036,038,36,_,38
036039.mp3,36_39.png,mp3,036039,036,039,36,_,39
036040.mp3,36_40.png,mp3,036040,036,040,36,_,40
036041.mp3,36_41.png,mp3,036041,036,041,36,_,41
036042.mp3,36_42.png,mp3,036042,036,042,36,_,42
036043.mp3,36_43.png,mp3,036043,036,043,36,_,43
036044.mp3,36_44.png,mp3,036044,036,044,36,_,44
036045.mp3,36_45.png,mp3,036045,036,045,36,_,45
036046.mp3,36_46.png,mp3,036046,036,046,36,_,46
036047_1.mp3,36_47.png,mp3,036047,036,047,36,_,47
036047_2.mp3,36_47.png,mp3,036047,036,047,36,_,47
036048.mp3,36_48.png,mp3,036048,036,048,36,_,48
036049.mp3,36_49.png,mp3,036049,036,049,36,_,49
036050.mp3,36_50.png,mp3,036050,036,050,36,_,50
036051.mp3,36_51.png,mp3,036051,036,051,36,_,51
036052.mp3,36_52.png,mp3,036052,036,052,36,_,52
036053.mp3,36_53.png,mp3,036053,036,053,36,_,53
036054.mp3,36_54.png,mp3,036054,036,054,36,_,54
036055.mp3,36_55.png,mp3,036055,036,055,36,_,55
036056.mp3,36_56.png,mp3,036056,036,056,36,_,56
036057.mp3,36_57.png,mp3,036057,036,057,36,_,57
036058.mp3,36_58.png,mp3,036058,036,058,36,_,58
036059.mp3,36_59.png,mp3,036059,036,059,36,_,59
036060.mp3,36_60.png,mp3,036060,036,060,36,_,60
036061.mp3,36_61.png,mp3,036061,036,061,36,_,61
036062.mp3,36_62.png,mp3,036062,036,062,36,_,62
036063.mp3,36_63.png,mp3,036063,036,063,36,_,63
036064.mp3,36_64.png,mp3,036064,036,064,36,_,64
036065.mp3,36_65.png,mp3,036065,036,065,36,_,65
036066.mp3,36_66.png,mp3,036066,036,066,36,_,66
036067.mp3,36_67.png,mp3,036067,036,067,36,_,67
036068.mp3,36_68.png,mp3,036068,036,068,36,_,68
036069.mp3,36_69.png,mp3,036069,036,069,36,_,69
036070.mp3,36_70.png,mp3,036070,036,070,36,_,70
036071.mp3,36_71.png,mp3,036071,036,071,36,_,71
036072.mp3,36_72.png,mp3,036072,036,072,36,_,72
036073.mp3,36_73.png,mp3,036073,036,073,36,_,73
036074.mp3,36_74.png,mp3,036074,036,074,36,_,74
036075.mp3,36_75.png,mp3,036075,036,075,36,_,75
036076.mp3,36_76.png,mp3,036076,036,076,36,_,76
036077.mp3,36_77.png,mp3,036077,036,077,36,_,77
036078.mp3,36_78.png,mp3,036078,036,078,36,_,78
036079_1.mp3,36_79.png,mp3,036079,036,079,36,_,79
036079_2.mp3,36_79.png,mp3,036079,036,079,36,_,79
036080.mp3,36_80.png,mp3,036080,036,080,36,_,80
036081.mp3,36_81.png,mp3,036081,036,081,36,_,81
036082.mp3,36_82.png,mp3,036082,036,082,36,_,82
036083.mp3,36_83.png,mp3,036083,036,083,36,_,83
037001_1.mp3,37_1.png,mp3,037001,037,001,37,_,1
037001_2.mp3,37_1.png,mp3,037001,037,001,37,_,1
037002.mp3,37_2.png,mp3,037002,037,002,37,_,2
037003.mp3,37_3.png,mp3,037003,037,003,37,_,3
037004.mp3,37_4.png,mp3,037004,037,004,37,_,4
037005.mp3,37_5.png,mp3,037005,037,005,37,_,5
037006.mp3,37_6.png,mp3,037006,037,006,37,_,6
037007.mp3,37_7.png,mp3,037007,037,007,37,_,7
037008.mp3,37_8.png,mp3,037008,037,008,37,_,8
037009.mp3,37_9.png,mp3,037009,037,009,37,_,9
037010.mp3,37_10.png,mp3,037010,037,010,37,_,10
037011_1.mp3,37_11.png,mp3,037011,037,011,37,_,11
037011_2.mp3,37_11.png,mp3,037011,037,011,37,_,11
037012.mp3,37_12.png,mp3,037012,037,012,37,_,12
037013.mp3,37_13.png,mp3,037013,037,013,37,_,13
037014.mp3,37_14.png,mp3,037014,037,014,37,_,14
037015.mp3,37_15.png,mp3,037015,037,015,37,_,15
037016.mp3,37_16.png,mp3,037016,037,016,37,_,16
037017.mp3,37_17.png,mp3,037017,037,017,37,_,17
037018.mp3,37_18.png,mp3,037018,037,018,37,_,18
037019.mp3,37_19.png,mp3,037019,037,019,37,_,19
037020.mp3,37_20.png,mp3,037020,037,020,37,_,20
037021.mp3,37_21.png,mp3,037021,037,021,37,_,21
037022.mp3,37_22.png,mp3,037022,037,022,37,_,22
037023.mp3,37_23.png,mp3,037023,037,023,37,_,23
037024.mp3,37_24.png,mp3,037024,037,024,37,_,24
037025.mp3,37_25.png,mp3,037025,037,025,37,_,25
037026.mp3,37_26.png,mp3,037026,037,026,37,_,26
037027.mp3,37_27.png,mp3,037027,037,027,37,_,27
037028.mp3,37_28.png,mp3,037028,037,028,37,_,28
037029.mp3,37_29.png,mp3,037029,037,029,37,_,29
037030.mp3,37_30.png,mp3,037030,037,030,37,_,30
037031.mp3,37_31.png,mp3,037031,037,031,37,_,31
037032.mp3,37_32.png,mp3,037032,037,032,37,_,32
037033.mp3,37_33.png,mp3,037033,037,033,37,_,33
037034.mp3,37_34.png,mp3,037034,037,034,37,_,34
037035.mp3,37_35.png,mp3,037035,037,035,37,_,35
037036.mp3,37_36.png,mp3,037036,037,036,37,_,36
037037.mp3,37_37.png,mp3,037037,037,037,37,_,37
037038.mp3,37_38.png,mp3,037038,037,038,37,_,38
037039.mp3,37_39.png,mp3,037039,037,039,37,_,39
037040.mp3,37_40.png,mp3,037040,037,040,37,_,40
037041.mp3,37_41.png,mp3,037041,037,041,37,_,41
037042.mp3,37_42.png,mp3,037042,037,042,37,_,42
037043.mp3,37_43.png,mp3,037043,037,043,37,_,43
037044.mp3,37_44.png,mp3,037044,037,044,37,_,44
037045.mp3,37_45.png,mp3,037045,037,045,37,_,45
037046.mp3,37_46.png,mp3,037046,037,046,37,_,46
037047.mp3,37_47.png,mp3,037047,037,047,37,_,47
037048.mp3,37_48.png,mp3,037048,037,048,37,_,48
037049.mp3,37_49.png,mp3,037049,037,049,37,_,49
037050.mp3,37_50.png,mp3,037050,037,050,37,_,50
037051.mp3,37_51.png,mp3,037051,037,051,37,_,51
037052.mp3,37_52.png,mp3,037052,037,052,37,_,52
037053.mp3,37_53.png,mp3,037053,037,053,37,_,53
037054.mp3,37_54.png,mp3,037054,037,054,37,_,54
037055.mp3,37_55.png,mp3,037055,037,055,37,_,55
037056.mp3,37_56.png,mp3,037056,037,056,37,_,56
037057.mp3,37_57.png,mp3,037057,037,057,37,_,57
037058.mp3,37_58.png,mp3,037058,037,058,37,_,58
037059.mp3,37_59.png,mp3,037059,037,059,37,_,59
037060.mp3,37_60.png,mp3,037060,037,060,37,_,60
037061.mp3,37_61.png,mp3,037061,037,061,37,_,61
037062.mp3,37_62.png,mp3,037062,037,062,37,_,62
037063.mp3,37_63.png,mp3,037063,037,063,37,_,63
037064.mp3,37_64.png,mp3,037064,037,064,37,_,64
037065.mp3,37_65.png,mp3,037065,037,065,37,_,65
037066.mp3,37_66.png,mp3,037066,037,066,37,_,66
037067.mp3,37_67.png,mp3,037067,037,067,37,_,67
037068.mp3,37_68.png,mp3,037068,037,068,37,_,68
037069.mp3,37_69.png,mp3,037069,037,069,37,_,69
037070.mp3,37_70.png,mp3,037070,037,070,37,_,70
037071.mp3,37_71.png,mp3,037071,037,071,37,_,71
037072.mp3,37_72.png,mp3,037072,037,072,37,_,72
037073.mp3,37_73.png,mp3,037073,037,073,37,_,73
037074.mp3,37_74.png,mp3,037074,037,074,37,_,74
037075.mp3,37_75.png,mp3,037075,037,075,37,_,75
037076.mp3,37_76.png,mp3,037076,037,076,37,_,76
037077.mp3,37_77.png,mp3,037077,037,077,37,_,77
037078.mp3,37_78.png,mp3,037078,037,078,37,_,78
037079.mp3,37_79.png,mp3,037079,037,079,37,_,79
037080.mp3,37_80.png,mp3,037080,037,080,37,_,80
037081.mp3,37_81.png,mp3,037081,037,081,37,_,81
037082.mp3,37_82.png,mp3,037082,037,082,37,_,82
037083.mp3,37_83.png,mp3,037083,037,083,37,_,83
037084.mp3,37_84.png,mp3,037084,037,084,37,_,84
037085.mp3,37_85.png,mp3,037085,037,085,37,_,85
037086.mp3,37_86.png,mp3,037086,037,086,37,_,86
037087.mp3,37_87.png,mp3,037087,037,087,37,_,87
037088.mp3,37_88.png,mp3,037088,037,088,37,_,88
037089.mp3,37_89.png,mp3,037089,037,089,37,_,89
037090.mp3,37_90.png,mp3,037090,037,090,37,_,90
037091.mp3,37_91.png,mp3,037091,037,091,37,_,91
037092.mp3,37_92.png,mp3,037092,037,092,37,_,92
037093.mp3,37_93.png,mp3,037093,037,093,37,_,93
037094.mp3,37_94.png,mp3,037094,037,094,37,_,94
037095.mp3,37_95.png,mp3,037095,037,095,37,_,95
037096.mp3,37_96.png,mp3,037096,037,096,37,_,96
037097.mp3,37_97.png,mp3,037097,037,097,37,_,97
037098.mp3,37_98.png,mp3,037098,037,098,37,_,98
037099.mp3,37_99.png,mp3,037099,037,099,37,_,99
037100.mp3,37_100.png,mp3,037100,037,100,37,_,100
037101.mp3,37_101.png,mp3,037101,037,101,37,_,101
037102.mp3,37_102.png,mp3,037102,037,102,37,_,102
037103.mp3,37_103.png,mp3,037103,037,103,37,_,103
037104.mp3,37_104.png,mp3,037104,037,104,37,_,104
037105.mp3,37_105.png,mp3,037105,037,105,37,_,105
037106.mp3,37_106.png,mp3,037106,037,106,37,_,106
037107.mp3,37_107.png,mp3,037107,037,107,37,_,107
037108.mp3,37_108.png,mp3,037108,037,108,37,_,108
037109.mp3,37_109.png,mp3,037109,037,109,37,_,109
037110.mp3,37_110.png,mp3,037110,037,110,37,_,110
037111.mp3,37_111.png,mp3,037111,037,111,37,_,111
037112.mp3,37_112.png,mp3,037112,037,112,37,_,112
037113.mp3,37_113.png,mp3,037113,037,113,37,_,113
037114.mp3,37_114.png,mp3,037114,037,114,37,_,114
037115.mp3,37_115.png,mp3,037115,037,115,37,_,115
037116.mp3,37_116.png,mp3,037116,037,116,37,_,116
037117.mp3,37_117.png,mp3,037117,037,117,37,_,117
037118.mp3,37_118.png,mp3,037118,037,118,37,_,118
037119.mp3,37_119.png,mp3,037119,037,119,37,_,119
037120.mp3,37_120.png,mp3,037120,037,120,37,_,120
037121.mp3,37_121.png,mp3,037121,037,121,37,_,121
037122.mp3,37_122.png,mp3,037122,037,122,37,_,122
037123.mp3,37_123.png,mp3,037123,037,123,37,_,123
037124.mp3,37_124.png,mp3,037124,037,124,37,_,124
037125.mp3,37_125.png,mp3,037125,037,125,37,_,125
037126.mp3,37_126.png,mp3,037126,037,126,37,_,126
037127.mp3,37_127.png,mp3,037127,037,127,37,_,127
037128.mp3,37_128.png,mp3,037128,037,128,37,_,128
037129.mp3,37_129.png,mp3,037129,037,129,37,_,129
037130.mp3,37_130.png,mp3,037130,037,130,37,_,130
037131.mp3,37_131.png,mp3,037131,037,131,37,_,131
037132.mp3,37_132.png,mp3,037132,037,132,37,_,132
037133.mp3,37_133.png,mp3,037133,037,133,37,_,133
037134.mp3,37_134.png,mp3,037134,037,134,37,_,134
037135.mp3,37_135.png,mp3,037135,037,135,37,_,135
037136.mp3,37_136.png,mp3,037136,037,136,37,_,136
037137.mp3,37_137.png,mp3,037137,037,137,37,_,137
037138.mp3,37_138.png,mp3,037138,037,138,37,_,138
037139.mp3,37_139.png,mp3,037139,037,139,37,_,139
037140.mp3,37_140.png,mp3,037140,037,140,37,_,140
037141.mp3,37_141.png,mp3,037141,037,141,37,_,141
037142.mp3,37_142.png,mp3,037142,037,142,37,_,142
037143.mp3,37_143.png,mp3,037143,037,143,37,_,143
037144.mp3,37_144.png,mp3,037144,037,144,37,_,144
037145.mp3,37_145.png,mp3,037145,037,145,37,_,145
037146.mp3,37_146.png,mp3,037146,037,146,37,_,146
037147.mp3,37_147.png,mp3,037147,037,147,37,_,147
037148.mp3,37_148.png,mp3,037148,037,148,37,_,148
037149.mp3,37_149.png,mp3,037149,037,149,37,_,149
037150.mp3,37_150.png,mp3,037150,037,150,37,_,150
037151.mp3,37_151.png,mp3,037151,037,151,37,_,151
037152.mp3,37_152.png,mp3,037152,037,152,37,_,152
037153.mp3,37_153.png,mp3,037153,037,153,37,_,153
037154.mp3,37_154.png,mp3,037154,037,154,37,_,154
037155.mp3,37_155.png,mp3,037155,037,155,37,_,155
037156.mp3,37_156.png,mp3,037156,037,156,37,_,156
037157.mp3,37_157.png,mp3,037157,037,157,37,_,157
037158.mp3,37_158.png,mp3,037158,037,158,37,_,158
037159.mp3,37_159.png,mp3,037159,037,159,37,_,159
037160.mp3,37_160.png,mp3,037160,037,160,37,_,160
037161.mp3,37_161.png,mp3,037161,037,161,37,_,161
037162.mp3,37_162.png,mp3,037162,037,162,37,_,162
037163.mp3,37_163.png,mp3,037163,037,163,37,_,163
037164.mp3,37_164.png,mp3,037164,037,164,37,_,164
037165.mp3,37_165.png,mp3,037165,037,165,37,_,165
037166.mp3,37_166.png,mp3,037166,037,166,37,_,166
037167.mp3,37_167.png,mp3,037167,037,167,37,_,167
037168.mp3,37_168.png,mp3,037168,037,168,37,_,168
037169.mp3,37_169.png,mp3,037169,037,169,37,_,169
037170.mp3,37_170.png,mp3,037170,037,170,37,_,170
037171.mp3,37_171.png,mp3,037171,037,171,37,_,171
037172.mp3,37_172.png,mp3,037172,037,172,37,_,172
037173.mp3,37_173.png,mp3,037173,037,173,37,_,173
037174.mp3,37_174.png,mp3,037174,037,174,37,_,174
037175.mp3,37_175.png,mp3,037175,037,175,37,_,175
037176.mp3,37_176.png,mp3,037176,037,176,37,_,176
037177.mp3,37_177.png,mp3,037177,037,177,37,_,177
037178.mp3,37_178.png,mp3,037178,037,178,37,_,178
037179.mp3,37_179.png,mp3,037179,037,179,37,_,179
037180.mp3,37_180.png,mp3,037180,037,180,37,_,180
037181.mp3,37_181.png,mp3,037181,037,181,37,_,181
037182.mp3,37_182.png,mp3,037182,037,182,37,_,182
038001_1.mp3,38_1.png,mp3,038001,038,001,38,_,1
038001_2.mp3,38_1.png,mp3,038001,038,001,38,_,1
038002.mp3,38_2.png,mp3,038002,038,002,38,_,2
038003.mp3,38_3.png,mp3,038003,038,003,38,_,3
038004.mp3,38_4.png,mp3,038004,038,004,38,_,4
038005.mp3,38_5.png,mp3,038005,038,005,38,_,5
038006.mp3,38_6.png,mp3,038006,038,006,38,_,6
038007.mp3,38_7.png,mp3,038007,038,007,38,_,7
038008.mp3,38_8.png,mp3,038008,038,008,38,_,8
038009.mp3,38_9.png,mp3,038009,038,009,38,_,9
038010.mp3,38_10.png,mp3,038010,038,010,38,_,10
038011.mp3,38_11.png,mp3,038011,038,011,38,_,11
038012.mp3,38_12.png,mp3,038012,038,012,38,_,12
038013.mp3,38_13.png,mp3,038013,038,013,38,_,13
038014.mp3,38_14.png,mp3,038014,038,014,38,_,14
038015.mp3,38_15.png,mp3,038015,038,015,38,_,15
038016.mp3,38_16.png,mp3,038016,038,016,38,_,16
038017.mp3,38_17.png,mp3,038017,038,017,38,_,17
038018.mp3,38_18.png,mp3,038018,038,018,38,_,18
038019.mp3,38_19.png,mp3,038019,038,019,38,_,19
038020.mp3,38_20.png,mp3,038020,038,020,38,_,20
038021.mp3,38_21.png,mp3,038021,038,021,38,_,21
038022_1.mp3,38_22.png,mp3,038022,038,022,38,_,22
038022_2.mp3,38_22.png,mp3,038022,038,022,38,_,22
038023.mp3,38_23.png,mp3,038023,038,023,38,_,23
038024_1.mp3,38_24.png,mp3,038024,038,024,38,_,24
038024_2.mp3,38_24.png,mp3,038024,038,024,38,_,24
038024_3.mp3,38_24.png,mp3,038024,038,024,38,_,24
038025.mp3,38_25.png,mp3,038025,038,025,38,_,25
038026.mp3,38_26.png,mp3,038026,038,026,38,_,26
038027.mp3,38_27.png,mp3,038027,038,027,38,_,27
038028.mp3,38_28.png,mp3,038028,038,028,38,_,28
038029.mp3,38_29.png,mp3,038029,038,029,38,_,29
038030.mp3,38_30.png,mp3,038030,038,030,38,_,30
038031.mp3,38_31.png,mp3,038031,038,031,38,_,31
038032.mp3,38_32.png,mp3,038032,038,032,38,_,32
038033_1.mp3,38_33.png,mp3,038033,038,033,38,_,33
038033_2.mp3,38_33.png,mp3,038033,038,033,38,_,33
038034.mp3,38_34.png,mp3,038034,038,034,38,_,34
038035.mp3,38_35.png,mp3,038035,038,035,38,_,35
038036.mp3,38_36.png,mp3,038036,038,036,38,_,36
038037.mp3,38_37.png,mp3,038037,038,037,38,_,37
038038.mp3,38_38.png,mp3,038038,038,038,38,_,38
038039.mp3,38_39.png,mp3,038039,038,039,38,_,39
038040.mp3,38_40.png,mp3,038040,038,040,38,_,40
038041.mp3,38_41.png,mp3,038041,038,041,38,_,41
038042_1.mp3,38_42.png,mp3,038042,038,042,38,_,42
038042_2.mp3,38_42.png,mp3,038042,038,042,38,_,42
038043.mp3,38_43.png,mp3,038043,038,043,38,_,43
038044.mp3,38_44.png,mp3,038044,038,044,38,_,44
038045.mp3,38_45.png,mp3,038045,038,045,38,_,45
038046.mp3,38_46.png,mp3,038046,038,046,38,_,46
038047.mp3,38_47.png,mp3,038047,038,047,38,_,47
038048.mp3,38_48.png,mp3,038048,038,048,38,_,48
038049.mp3,38_49.png,mp3,038049,038,049,38,_,49
038050.mp3,38_50.png,mp3,038050,038,050,38,_,50
038051.mp3,38_51.png,mp3,038051,038,051,38,_,51
038052.mp3,38_52.png,mp3,038052,038,052,38,_,52
038053.mp3,38_53.png,mp3,038053,038,053,38,_,53
038054.mp3,38_54.png,mp3,038054,038,054,38,_,54
038055.mp3,38_55.png,mp3,038055,038,055,38,_,55
038056.mp3,38_56.png,mp3,038056,038,056,38,_,56
038057.mp3,38_57.png,mp3,038057,038,057,38,_,57
038058.mp3,38_58.png,mp3,038058,038,058,38,_,58
038059.mp3,38_59.png,mp3,038059,038,059,38,_,59
038060.mp3,38_60.png,mp3,038060,038,060,38,_,60
038061.mp3,38_61.png,mp3,038061,038,061,38,_,61
038062.mp3,38_62.png,mp3,038062,038,062,38,_,62
038063.mp3,38_63.png,mp3,038063,038,063,38,_,63
038064.mp3,38_64.png,mp3,038064,038,064,38,_,64
038065_1.mp3,38_65.png,mp3,038065,038,065,38,_,65
038065_2.mp3,38_65.png,mp3,038065,038,065,38,_,65
038066.mp3,38_66.png,mp3,038066,038,066,38,_,66
038067.mp3,38_67.png,mp3,038067,038,067,38,_,67
038068.mp3,38_68.png,mp3,038068,038,068,38,_,68
038069.mp3,38_69.png,mp3,038069,038,069,38,_,69
038070.mp3,38_70.png,mp3,038070,038,070,38,_,70
038071.mp3,38_71.png,mp3,038071,038,071,38,_,71
038072.mp3,38_72.png,mp3,038072,038,072,38,_,72
038073.mp3,38_73.png,mp3,038073,038,073,38,_,73
038074.mp3,38_74.png,mp3,038074,038,074,38,_,74
038075_1.mp3,38_75.png,mp3,038075,038,075,38,_,75
038075_2.mp3,38_75.png,mp3,038075,038,075,38,_,75
038076.mp3,38_76.png,mp3,038076,038,076,38,_,76
038077.mp3,38_77.png,mp3,038077,038,077,38,_,77
038078.mp3,38_78.png,mp3,038078,038,078,38,_,78
038079.mp3,38_79.png,mp3,038079,038,079,38,_,79
038080.mp3,38_80.png,mp3,038080,038,080,38,_,80
038081.mp3,38_81.png,mp3,038081,038,081,38,_,81
038082.mp3,38_82.png,mp3,038082,038,082,38,_,82
038083.mp3,38_83.png,mp3,038083,038,083,38,_,83
038084.mp3,38_84.png,mp3,038084,038,084,38,_,84
038085.mp3,38_85.png,mp3,038085,038,085,38,_,85
038086.mp3,38_86.png,mp3,038086,038,086,38,_,86
038087.mp3,38_87.png,mp3,038087,038,087,38,_,87
038088.mp3,38_88.png,mp3,038088,038,088,38,_,88
039001_1.mp3,39_1.png,mp3,039001,039,001,39,_,1
039001_2.mp3,39_1.png,mp3,039001,039,001,39,_,1
039002.mp3,39_2.png,mp3,039002,039,002,39,_,2
039003_1.mp3,39_3.png,mp3,039003,039,003,39,_,3
039003_2.mp3,39_3.png,mp3,039003,039,003,39,_,3
039003_3.mp3,39_3.png,mp3,039003,039,003,39,_,3
039003_4.mp3,39_3.png,mp3,039003,039,003,39,_,3
039004_1.mp3,39_4.png,mp3,039004,039,004,39,_,4
039004_2.mp3,39_4.png,mp3,039004,039,004,39,_,4
039004_3.mp3,39_4.png,mp3,039004,039,004,39,_,4
039005_1.mp3,39_5.png,mp3,039005,039,005,39,_,5
039005_2.mp3,39_5.png,mp3,039005,039,005,39,_,5
039005_3.mp3,39_5.png,mp3,039005,039,005,39,_,5
039005_4.mp3,39_5.png,mp3,039005,039,005,39,_,5
039005_5.mp3,39_5.png,mp3,039005,039,005,39,_,5
039006_1.mp3,39_6.png,mp3,039006,039,006,39,_,6
039006_2.mp3,39_6.png,mp3,039006,039,006,39,_,6
039006_3.mp3,39_6.png,mp3,039006,039,006,39,_,6
039006_4.mp3,39_6.png,mp3,039006,039,006,39,_,6
039007_1.mp3,39_7.png,mp3,039007,039,007,39,_,7
039007_2.mp3,39_7.png,mp3,039007,039,007,39,_,7
039007_3.mp3,39_7.png,mp3,039007,039,007,39,_,7
039007_4.mp3,39_7.png,mp3,039007,039,007,39,_,7
039007_5.mp3,39_7.png,mp3,039007,039,007,39,_,7
039007_6.mp3,39_7.png,mp3,039007,039,007,39,_,7
039008_1.mp3,39_8.png,mp3,039008,039,008,39,_,8
039008_2.mp3,39_8.png,mp3,039008,039,008,39,_,8
039008_3.mp3,39_8.png,mp3,039008,039,008,39,_,8
039008_4.mp3,39_8.png,mp3,039008,039,008,39,_,8
039009_1.mp3,39_9.png,mp3,039009,039,009,39,_,9
039009_2.mp3,39_9.png,mp3,039009,039,009,39,_,9
039010_1.mp3,39_10.png,mp3,039010,039,010,39,_,10
039010_2.mp3,39_10.png,mp3,039010,039,010,39,_,10
039010_3.mp3,39_10.png,mp3,039010,039,010,39,_,10
039010_4.mp3,39_10.png,mp3,039010,039,010,39,_,10
039011.mp3,39_11.png,mp3,039011,039,011,39,_,11
039012.mp3,39_12.png,mp3,039012,039,012,39,_,12
039013.mp3,39_13.png,mp3,039013,039,013,39,_,13
039014.mp3,39_14.png,mp3,039014,039,014,39,_,14
039015_1.mp3,39_15.png,mp3,039015,039,015,39,_,15
039015_2.mp3,39_15.png,mp3,039015,039,015,39,_,15
039015_3.mp3,39_15.png,mp3,039015,039,015,39,_,15
039016_1.mp3,39_16.png,mp3,039016,039,016,39,_,16
039016_2.mp3,39_16.png,mp3,039016,039,016,39,_,16
039017_1.mp3,39_17.png,mp3,039017,039,017,39,_,17
039017_2.mp3,39_17.png,mp3,039017,039,017,39,_,17
039018_1.mp3,39_18.png,mp3,039018,039,018,39,_,18
039018_2.mp3,39_18.png,mp3,039018,039,018,39,_,18
039019.mp3,39_19.png,mp3,039019,039,019,39,_,19
039020.mp3,39_20.png,mp3,039020,039,020,39,_,20
039021_1.mp3,39_21.png,mp3,039021,039,021,39,_,21
039021_2.mp3,39_21.png,mp3,039021,039,021,39,_,21
039021_3.mp3,39_21.png,mp3,039021,039,021,39,_,21
039022_1.mp3,39_22.png,mp3,039022,039,022,39,_,22
039022_2.mp3,39_22.png,mp3,039022,039,022,39,_,22
039022_3.mp3,39_22.png,mp3,039022,039,022,39,_,22
039023_1.mp3,39_23.png,mp3,039023,039,023,39,_,23
039023_2.mp3,39_23.png,mp3,039023,039,023,39,_,23
039023_3.mp3,39_23.png,mp3,039023,039,023,39,_,23
039023_4.mp3,39_23.png,mp3,039023,039,023,39,_,23
039024_1.mp3,39_24.png,mp3,039024,039,024,39,_,24
039024_2.mp3,39_24.png,mp3,039024,039,024,39,_,24
039025.mp3,39_25.png,mp3,039025,039,025,39,_,25
039026_1.mp3,39_26.png,mp3,039026,039,026,39,_,26
039026_2.mp3,39_26.png,mp3,039026,039,026,39,_,26
039026_3.mp3,39_26.png,mp3,039026,039,026,39,_,26
039027.mp3,39_27.png,mp3,039027,039,027,39,_,27
039028.mp3,39_28.png,mp3,039028,039,028,39,_,28
039029_1.mp3,39_29.png,mp3,039029,039,029,39,_,29
039029_2.mp3,39_29.png,mp3,039029,039,029,39,_,29
039029_3.mp3,39_29.png,mp3,039029,039,029,39,_,29
039030.mp3,39_30.png,mp3,039030,039,030,39,_,30
039031.mp3,39_31.png,mp3,039031,039,031,39,_,31
039032_1.mp3,39_32.png,mp3,039032,039,032,39,_,32
039032_2.mp3,39_32.png,mp3,039032,039,032,39,_,32
039033.mp3,39_33.png,mp3,039033,039,033,39,_,33
039034.mp3,39_34.png,mp3,039034,039,034,39,_,34
039035.mp3,39_35.png,mp3,039035,039,035,39,_,35
039036_1.mp3,39_36.png,mp3,039036,039,036,39,_,36
039036_2.mp3,39_36.png,mp3,039036,039,036,39,_,36
039036_3.mp3,39_36.png,mp3,039036,039,036,39,_,36
039037_1.mp3,39_37.png,mp3,039037,039,037,39,_,37
039037_2.mp3,39_37.png,mp3,039037,039,037,39,_,37
039038_1.mp3,39_38.png,mp3,039038,039,038,39,_,38
039038_2.mp3,39_38.png,mp3,039038,039,038,39,_,38
039038_3.mp3,39_38.png,mp3,039038,039,038,39,_,38
039039_1.mp3,39_39.png,mp3,039039,039,039,39,_,39
039039_2.mp3,39_39.png,mp3,039039,039,039,39,_,39
039040.mp3,39_40.png,mp3,039040,039,040,39,_,40
039041_1.mp3,39_41.png,mp3,039041,039,041,39,_,41
039041_2.mp3,39_41.png,mp3,039041,039,041,39,_,41
039041_3.mp3,39_41.png,mp3,039041,039,041,39,_,41
039042_1.mp3,39_42.png,mp3,039042,039,042,39,_,42
039042_2.mp3,39_42.png,mp3,039042,039,042,39,_,42
039042_3.mp3,39_42.png,mp3,039042,039,042,39,_,42
039043_1.mp3,39_43.png,mp3,039043,039,043,39,_,43
039043_2.mp3,39_43.png,mp3,039043,039,043,39,_,43
039044_1.mp3,39_44.png,mp3,039044,039,044,39,_,44
039044_2.mp3,39_44.png,mp3,039044,039,044,39,_,44
039045.mp3,39_45.png,mp3,039045,039,045,39,_,45
039046.mp3,39_46.png,mp3,039046,039,046,39,_,46
039047_1.mp3,39_47.png,mp3,039047,039,047,39,_,47
039047_2.mp3,39_47.png,mp3,039047,039,047,39,_,47
039048.mp3,39_48.png,mp3,039048,039,048,39,_,48
039049.mp3,39_49.png,mp3,039049,039,049,39,_,49
039050.mp3,39_50.png,mp3,039050,039,050,39,_,50
039051_1.mp3,39_51.png,mp3,039051,039,051,39,_,51
039051_2.mp3,39_51.png,mp3,039051,039,051,39,_,51
039052_1.mp3,39_52.png,mp3,039052,039,052,39,_,52
039052_2.mp3,39_52.png,mp3,039052,039,052,39,_,52
039053_1.mp3,39_53.png,mp3,039053,039,053,39,_,53
039053_2.mp3,39_53.png,mp3,039053,039,053,39,_,53
039053_3.mp3,39_53.png,mp3,039053,039,053,39,_,53
039054.mp3,39_54.png,mp3,039054,039,054,39,_,54
039055.mp3,39_55.png,mp3,039055,039,055,39,_,55
039056.mp3,39_56.png,mp3,039056,039,056,39,_,56
039057.mp3,39_57.png,mp3,039057,039,057,39,_,57
039058.mp3,39_58.png,mp3,039058,039,058,39,_,58
039059.mp3,39_59.png,mp3,039059,039,059,39,_,59
039060.mp3,39_60.png,mp3,039060,039,060,39,_,60
039061.mp3,39_61.png,mp3,039061,039,061,39,_,61
039062_1.mp3,39_62.png,mp3,039062,039,062,39,_,62
039062_2.mp3,39_62.png,mp3,039062,039,062,39,_,62
039063_1.mp3,39_63.png,mp3,039063,039,063,39,_,63
039063_2.mp3,39_63.png,mp3,039063,039,063,39,_,63
039064.mp3,39_64.png,mp3,039064,039,064,39,_,64
039065.mp3,39_65.png,mp3,039065,039,065,39,_,65
039066.mp3,39_66.png,mp3,039066,039,066,39,_,66
039067_1.mp3,39_67.png,mp3,039067,039,067,39,_,67
039067_2.mp3,39_67.png,mp3,039067,039,067,39,_,67
039068.mp3,39_68.png,mp3,039068,039,068,39,_,68
039069_1.mp3,39_69.png,mp3,039069,039,069,39,_,69
039069_2.mp3,39_69.png,mp3,039069,039,069,39,_,69
039070.mp3,39_70.png,mp3,039070,039,070,39,_,70
039071_1.mp3,39_71.png,mp3,039071,039,071,39,_,71
039071_2.mp3,39_71.png,mp3,039071,039,071,39,_,71
039071_3.mp3,39_71.png,mp3,039071,039,071,39,_,71
039071_4.mp3,39_71.png,mp3,039071,039,071,39,_,71
039072.mp3,39_72.png,mp3,039072,039,072,39,_,72
039073_1.mp3,39_73.png,mp3,039073,039,073,39,_,73
039073_2.mp3,39_73.png,mp3,039073,039,073,39,_,73
039074_1.mp3,39_74.png,mp3,039074,039,074,39,_,74
039074_2.mp3,39_74.png,mp3,039074,039,074,39,_,74
039075.mp3,39_75.png,mp3,039075,039,075,39,_,75
040001_1.mp3,40_1.png,mp3,040001,040,001,40,_,1
040001_2.mp3,40_1.png,mp3,040001,040,001,40,_,1
040002.mp3,40_2.png,mp3,040002,040,002,40,_,2
040003_1.mp3,40_3.png,mp3,040003,040,003,40,_,3
040003_2.mp3,40_3.png,mp3,040003,040,003,40,_,3
040004.mp3,40_4.png,mp3,040004,040,004,40,_,4
040005_1.mp3,40_5.png,mp3,040005,040,005,40,_,5
040005_2.mp3,40_5.png,mp3,040005,040,005,40,_,5
040005_3.mp3,40_5.png,mp3,040005,040,005,40,_,5
040006.mp3,40_6.png,mp3,040006,040,006,40,_,6
040007.mp3,40_7.png,mp3,040007,040,007,40,_,7
040008_1.mp3,40_8.png,mp3,040008,040,008,40,_,8
040008_2.mp3,40_8.png,mp3,040008,040,008,40,_,8
040009_1.mp3,40_9.png,mp3,040009,040,009,40,_,9
040009_2.mp3,40_9.png,mp3,040009,040,009,40,_,9
040010.mp3,40_10.png,mp3,040010,040,010,40,_,10
040011.mp3,40_11.png,mp3,040011,040,011,40,_,11
040012.mp3,40_12.png,mp3,040012,040,012,40,_,12
040013_1.mp3,40_13.png,mp3,040013,040,013,40,_,13
040013_2.mp3,40_13.png,mp3,040013,040,013,40,_,13
040014.mp3,40_14.png,mp3,040014,040,014,40,_,14
040015.mp3,40_15.png,mp3,040015,040,015,40,_,15
040016.mp3,40_16.png,mp3,040016,040,016,40,_,16
040017.mp3,40_17.png,mp3,040017,040,017,40,_,17
040018.mp3,40_18.png,mp3,040018,040,018,40,_,18
040019.mp3,40_19.png,mp3,040019,040,019,40,_,19
040020_1.mp3,40_20.png,mp3,040020,040,020,40,_,20
040020_2.mp3,40_20.png,mp3,040020,040,020,40,_,20
040020_3.mp3,40_20.png,mp3,040020,040,020,40,_,20
040021.mp3,40_21.png,mp3,040021,040,021,40,_,21
040022.mp3,40_22.png,mp3,040022,040,022,40,_,22
040023.mp3,40_23.png,mp3,040023,040,023,40,_,23
040024.mp3,40_24.png,mp3,040024,040,024,40,_,24
040025_1.mp3,40_25.png,mp3,040025,040,025,40,_,25
040025_2.mp3,40_25.png,mp3,040025,040,025,40,_,25
040026_1.mp3,40_26.png,mp3,040026,040,026,40,_,26
040026_2.mp3,40_26.png,mp3,040026,040,026,40,_,26
040027.mp3,40_27.png,mp3,040027,040,027,40,_,27
040028_1.mp3,40_28.png,mp3,040028,040,028,40,_,28
040028_2.mp3,40_28.png,mp3,040028,040,028,40,_,28
040028_3.mp3,40_28.png,mp3,040028,040,028,40,_,28
040028_4.mp3,40_28.png,mp3,040028,040,028,40,_,28
040029.mp3,40_29.png,mp3,040029,040,029,40,_,29
040030.mp3,40_30.png,mp3,040030,040,030,40,_,30
040031.mp3,40_31.png,mp3,040031,040,031,40,_,31
040032.mp3,40_32.png,mp3,040032,040,032,40,_,32
040033.mp3,40_33.png,mp3,040033,040,033,40,_,33
040034_1.mp3,40_34.png,mp3,040034,040,034,40,_,34
040034_2.mp3,40_34.png,mp3,040034,040,034,40,_,34
040034_3.mp3,40_34.png,mp3,040034,040,034,40,_,34
040035.mp3,40_35.png,mp3,040035,040,035,40,_,35
040036.mp3,40_36.png,mp3,040036,040,036,40,_,36
040037_1.mp3,40_37.png,mp3,040037,040,037,40,_,37
040037_2.mp3,40_37.png,mp3,040037,040,037,40,_,37
040037_3.mp3,40_37.png,mp3,040037,040,037,40,_,37
040038.mp3,40_38.png,mp3,040038,040,038,40,_,38
040039.mp3,40_39.png,mp3,040039,040,039,40,_,39
040040_1.mp3,40_40.png,mp3,040040,040,040,40,_,40
040040_2.mp3,40_40.png,mp3,040040,040,040,40,_,40
040040_3.mp3,40_40.png,mp3,040040,040,040,40,_,40
040041.mp3,40_41.png,mp3,040041,040,041,40,_,41
040042.mp3,40_42.png,mp3,040042,040,042,40,_,42
040043_1.mp3,40_43.png,mp3,040043,040,043,40,_,43
040043_2.mp3,40_43.png,mp3,040043,040,043,40,_,43
040044.mp3,40_44.png,mp3,040044,040,044,40,_,44
040045_1.mp3,40_45.png,mp3,040045,040,045,40,_,45
040045_2.mp3,40_45.png,mp3,040045,040,045,40,_,45
040046.mp3,40_46.png,mp3,040046,040,046,40,_,46
040047_1.mp3,40_47.png,mp3,040047,040,047,40,_,47
040047_2.mp3,40_47.png,mp3,040047,040,047,40,_,47
040048.mp3,40_48.png,mp3,040048,040,048,40,_,48
040049.mp3,40_49.png,mp3,040049,040,049,40,_,49
040050.mp3,40_50.png,mp3,040050,040,050,40,_,50
040051.mp3,40_51.png,mp3,040051,040,051,40,_,51
040052.mp3,40_52.png,mp3,040052,040,052,40,_,52
040053.mp3,40_53.png,mp3,040053,040,053,40,_,53
040054.mp3,40_54.png,mp3,040054,040,054,40,_,54
040055.mp3,40_55.png,mp3,040055,040,055,40,_,55
040056.mp3,40_56.png,mp3,040056,040,056,40,_,56
040057.mp3,40_57.png,mp3,040057,040,057,40,_,57
040058_1.mp3,40_58.png,mp3,040058,040,058,40,_,58
040058_2.mp3,40_58.png,mp3,040058,040,058,40,_,58
040059.mp3,40_59.png,mp3,040059,040,059,40,_,59
040060.mp3,40_60.png,mp3,040060,040,060,40,_,60
040061_1.mp3,40_61.png,mp3,040061,040,061,40,_,61
040061_2.mp3,40_61.png,mp3,040061,040,061,40,_,61
040062_1.mp3,40_62.png,mp3,040062,040,062,40,_,62
040062_2.mp3,40_62.png,mp3,040062,040,062,40,_,62
040063.mp3,40_63.png,mp3,040063,040,063,40,_,63
040064.mp3,40_64.png,mp3,040064,040,064,40,_,64
040065_1.mp3,40_65.png,mp3,040065,040,065,40,_,65
040065_2.mp3,40_65.png,mp3,040065,040,065,40,_,65
040066.mp3,40_66.png,mp3,040066,040,066,40,_,66
040067_1.mp3,40_67.png,mp3,040067,040,067,40,_,67
040067_2.mp3,40_67.png,mp3,040067,040,067,40,_,67
040068_1.mp3,40_68.png,mp3,040068,040,068,40,_,68
040068_2.mp3,40_68.png,mp3,040068,040,068,40,_,68
040069.mp3,40_69.png,mp3,040069,040,069,40,_,69
040070.mp3,40_70.png,mp3,040070,040,070,40,_,70
040071.mp3,40_71.png,mp3,040071,040,071,40,_,71
040072.mp3,40_72.png,mp3,040072,040,072,40,_,72
040073.mp3,40_73.png,mp3,040073,040,073,40,_,73
040074.mp3,40_74.png,mp3,040074,040,074,40,_,74
040075.mp3,40_75.png,mp3,040075,040,075,40,_,75
040076.mp3,40_76.png,mp3,040076,040,076,40,_,76
040077_1.mp3,40_77.png,mp3,040077,040,077,40,_,77
040077_2.mp3,40_77.png,mp3,040077,040,077,40,_,77
040078_1.mp3,40_78.png,mp3,040078,040,078,40,_,78
040078_2.mp3,40_78.png,mp3,040078,040,078,40,_,78
040079.mp3,40_79.png,mp3,040079,040,079,40,_,79
040080.mp3,40_80.png,mp3,040080,040,080,40,_,80
040081.mp3,40_81.png,mp3,040081,040,081,40,_,81
040082.mp3,40_82.png,mp3,040082,040,082,40,_,82
040083_1.mp3,40_83.png,mp3,040083,040,083,40,_,83
040083_2.mp3,40_83.png,mp3,040083,040,083,40,_,83
040084.mp3,40_84.png,mp3,040084,040,084,40,_,84
040085_1.mp3,40_85.png,mp3,040085,040,085,40,_,85
040085_2.mp3,40_85.png,mp3,040085,040,085,40,_,85
041001_1.mp3,41_1.png,mp3,041001,041,001,41,_,1
041001_2.mp3,41_1.png,mp3,041001,041,001,41,_,1
041002.mp3,41_2.png,mp3,041002,041,002,41,_,2
041003.mp3,41_3.png,mp3,041003,041,003,41,_,3
041004.mp3,41_4.png,mp3,041004,041,004,41,_,4
041005.mp3,41_5.png,mp3,041005,041,005,41,_,5
041006_1.mp3,41_6.png,mp3,041006,041,006,41,_,6
041006_2.mp3,41_6.png,mp3,041006,041,006,41,_,6
041006_3.mp3,41_6.png,mp3,041006,041,006,41,_,6
041007.mp3,41_7.png,mp3,041007,041,007,41,_,7
041008.mp3,41_8.png,mp3,041008,041,008,41,_,8
041009_1.mp3,41_9.png,mp3,041009,041,009,41,_,9
041009_2.mp3,41_9.png,mp3,041009,041,009,41,_,9
041010_1.mp3,41_10.png,mp3,041010,041,010,41,_,10
041010_2.mp3,41_10.png,mp3,041010,041,010,41,_,10
041011_1.mp3,41_11.png,mp3,041011,041,011,41,_,11
041011_2.mp3,41_11.png,mp3,041011,041,011,41,_,11
041012.mp3,41_12.png,mp3,041012,041,012,41,_,12
041013.mp3,41_13.png,mp3,041013,041,013,41,_,13
041014_1.mp3,41_14.png,mp3,041014,041,014,41,_,14
041014_2.mp3,41_14.png,mp3,041014,041,014,41,_,14
041015_1.mp3,41_15.png,mp3,041015,041,015,41,_,15
041015_2.mp3,41_15.png,mp3,041015,041,015,41,_,15
041016.mp3,41_16.png,mp3,041016,041,016,41,_,16
041017.mp3,41_17.png,mp3,041017,041,017,41,_,17
041018.mp3,41_18.png,mp3,041018,041,018,41,_,18
041019.mp3,41_19.png,mp3,041019,041,019,41,_,19
041020.mp3,41_20.png,mp3,041020,041,020,41,_,20
041021.mp3,41_21.png,mp3,041021,041,021,41,_,21
041022_1.mp3,41_22.png,mp3,041022,041,022,41,_,22
041022_2.mp3,41_22.png,mp3,041022,041,022,41,_,22
041023.mp3,41_23.png,mp3,041023,041,023,41,_,23
041024.mp3,41_24.png,mp3,041024,041,024,41,_,24
041025_1.mp3,41_25.png,mp3,041025,041,025,41,_,25
041025_2.mp3,41_25.png,mp3,041025,041,025,41,_,25
041025_3.mp3,41_25.png,mp3,041025,041,025,41,_,25
041026.mp3,41_26.png,mp3,041026,041,026,41,_,26
041027.mp3,41_27.png,mp3,041027,041,027,41,_,27
041028.mp3,41_28.png,mp3,041028,041,028,41,_,28
041029.mp3,41_29.png,mp3,041029,041,029,41,_,29
041030_1.mp3,41_30.png,mp3,041030,041,030,41,_,30
041030_2.mp3,41_30.png,mp3,041030,041,030,41,_,30
041031_1.mp3,41_31.png,mp3,041031,041,031,41,_,31
041031_2.mp3,41_31.png,mp3,041031,041,031,41,_,31
041032.mp3,41_32.png,mp3,041032,041,032,41,_,32
041033.mp3,41_33.png,mp3,041033,041,033,41,_,33
041034_1.mp3,41_34.png,mp3,041034,041,034,41,_,34
041034_2.mp3,41_34.png,mp3,041034,041,034,41,_,34
041035.mp3,41_35.png,mp3,041035,041,035,41,_,35
041036_1.mp3,41_36.png,mp3,041036,041,036,41,_,36
041036_2.mp3,41_36.png,mp3,041036,041,036,41,_,36
041037_1.mp3,41_37.png,mp3,041037,041,037,41,_,37
041037_2.mp3,41_37.png,mp3,041037,041,037,41,_,37
041038.mp3,41_38.png,mp3,041038,041,038,41,_,38
041039_1.mp3,41_39.png,mp3,041039,041,039,41,_,39
041039_2.mp3,41_39.png,mp3,041039,041,039,41,_,39
041040.mp3,41_40.png,mp3,041040,041,040,41,_,40
041041.mp3,41_41.png,mp3,041041,041,041,41,_,41
041042_1.mp3,41_42.png,mp3,041042,041,042,41,_,42
041042_2.mp3,41_42.png,mp3,041042,041,042,41,_,42
041043_1.mp3,41_43.png,mp3,041043,041,043,41,_,43
041043_2.mp3,41_43.png,mp3,041043,041,043,41,_,43
041044.mp3,41_44.png,mp3,041044,041,044,41,_,44
041045_1.mp3,41_45.png,mp3,041045,041,045,41,_,45
041045_2.mp3,41_45.png,mp3,041045,041,045,41,_,45
041046_1.mp3,41_46.png,mp3,041046,041,046,41,_,46
041046_2.mp3,41_46.png,mp3,041046,041,046,41,_,46
041047_1.mp3,41_47.png,mp3,041047,041,047,41,_,47
041047_2.mp3,41_47.png,mp3,041047,041,047,41,_,47
041048_1.mp3,41_48.png,mp3,041048,041,048,41,_,48
041048_2.mp3,41_48.png,mp3,041048,041,048,41,_,48
041049.mp3,41_49.png,mp3,041049,041,049,41,_,49
041050_1.mp3,41_50.png,mp3,041050,041,050,41,_,50
041050_2.mp3,41_50.png,mp3,041050,041,050,41,_,50
041051.mp3,41_51.png,mp3,041051,041,051,41,_,51
041052.mp3,41_52.png,mp3,041052,041,052,41,_,52
041053_1.mp3,41_53.png,mp3,041053,041,053,41,_,53
041053_2.mp3,41_53.png,mp3,041053,041,053,41,_,53
041054.mp3,41_54.png,mp3,041054,041,054,41,_,54
042001_1.mp3,42_1.png,mp3,042001,042,001,42,_,1
042001_2.mp3,42_1.png,mp3,042001,042,001,42,_,1
042002.mp3,42_2.png,mp3,042002,042,002,42,_,2
042003.mp3,42_3.png,mp3,042003,042,003,42,_,3
042004_1.mp3,42_4.png,mp3,042004,042,004,42,_,4
042004_2.mp3,42_4.png,mp3,042004,042,004,42,_,4
042005_1.mp3,42_5.png,mp3,042005,042,005,42,_,5
042005_2.mp3,42_5.png,mp3,042005,042,005,42,_,5
042006.mp3,42_6.png,mp3,042006,042,006,42,_,6
042007_1.mp3,42_7.png,mp3,042007,042,007,42,_,7
042007_2.mp3,42_7.png,mp3,042007,042,007,42,_,7
042008_1.mp3,42_8.png,mp3,042008,042,008,42,_,8
042008_2.mp3,42_8.png,mp3,042008,042,008,42,_,8
042009.mp3,42_9.png,mp3,042009,042,009,42,_,9
042010_1.mp3,42_10.png,mp3,042010,042,010,42,_,10
042010_2.mp3,42_10.png,mp3,042010,042,010,42,_,10
042011_1.mp3,42_11.png,mp3,042011,042,011,42,_,11
042011_2.mp3,42_11.png,mp3,042011,042,011,42,_,11
042012_1.mp3,42_12.png,mp3,042012,042,012,42,_,12
042012_2.mp3,42_12.png,mp3,042012,042,012,42,_,12
042012_3.mp3,42_12.png,mp3,042012,042,012,42,_,12
042013_1.mp3,42_13.png,mp3,042013,042,013,42,_,13
042013_2.mp3,42_13.png,mp3,042013,042,013,42,_,13
042013_3.mp3,42_13.png,mp3,042013,042,013,42,_,13
042013_4.mp3,42_13.png,mp3,042013,042,013,42,_,13
042014_1.mp3,42_14.png,mp3,042014,042,014,42,_,14
042014_2.mp3,42_14.png,mp3,042014,042,014,42,_,14
042014_3.mp3,42_14.png,mp3,042014,042,014,42,_,14
042015_1.mp3,42_15.png,mp3,042015,042,015,42,_,15
042015_2.mp3,42_15.png,mp3,042015,042,015,42,_,15
042015_3.mp3,42_15.png,mp3,042015,042,015,42,_,15
042016_1.mp3,42_16.png,mp3,042016,042,016,42,_,16
042016_2.mp3,42_16.png,mp3,042016,042,016,42,_,16
042017_1.mp3,42_17.png,mp3,042017,042,017,42,_,17
042017_2.mp3,42_17.png,mp3,042017,042,017,42,_,17
042018_1.mp3,42_18.png,mp3,042018,042,018,42,_,18
042018_2.mp3,42_18.png,mp3,042018,042,018,42,_,18
042019_1.mp3,42_19.png,mp3,042019,042,019,42,_,19
042019_2.mp3,42_19.png,mp3,042019,042,019,42,_,19
042020.mp3,42_20.png,mp3,042020,042,020,42,_,20
042021_1.mp3,42_21.png,mp3,042021,042,021,42,_,21
042021_2.mp3,42_21.png,mp3,042021,042,021,42,_,21
042021_3.mp3,42_21.png,mp3,042021,042,021,42,_,21
042022_1.mp3,42_22.png,mp3,042022,042,022,42,_,22
042022_2.mp3,42_22.png,mp3,042022,042,022,42,_,22
042022_3.mp3,42_22.png,mp3,042022,042,022,42,_,22
042023_1.mp3,42_23.png,mp3,042023,042,023,42,_,23
042023_2.mp3,42_23.png,mp3,042023,042,023,42,_,23
042023_3.mp3,42_23.png,mp3,042023,042,023,42,_,23
042023_4.mp3,42_23.png,mp3,042023,042,023,42,_,23
042024_1.mp3,42_24.png,mp3,042024,042,024,42,_,24
042024_2.mp3,42_24.png,mp3,042024,042,024,42,_,24
042024_3.mp3,42_24.png,mp3,042024,042,024,42,_,24
042025.mp3,42_25.png,mp3,042025,042,025,42,_,25
042026_1.mp3,42_26.png,mp3,042026,042,026,42,_,26
042026_2.mp3,42_26.png,mp3,042026,042,026,42,_,26
042027_1.mp3,42_27.png,mp3,042027,042,027,42,_,27
042027_2.mp3,42_27.png,mp3,042027,042,027,42,_,27
042028_1.mp3,42_28.png,mp3,042028,042,028,42,_,28
042028_2.mp3,42_28.png,mp3,042028,042,028,42,_,28
042029_1.mp3,42_29.png,mp3,042029,042,029,42,_,29
042029_2.mp3,42_29.png,mp3,042029,042,029,42,_,29
042030.mp3,42_30.png,mp3,042030,042,030,42,_,30
042031_1.mp3,42_31.png,mp3,042031,042,031,42,_,31
042031_2.mp3,42_31.png,mp3,042031,042,031,42,_,31
042032.mp3,42_32.png,mp3,042032,042,032,42,_,32
042033.mp3,42_33.png,mp3,042033,042,033,42,_,33
042034.mp3,42_34.png,mp3,042034,042,034,42,_,34
042035.mp3,42_35.png,mp3,042035,042,035,42,_,35
042036_1.mp3,42_36.png,mp3,042036,042,036,42,_,36
042036_2.mp3,42_36.png,mp3,042036,042,036,42,_,36
042037.mp3,42_37.png,mp3,042037,042,037,42,_,37
042038.mp3,42_38.png,mp3,042038,042,038,42,_,38
042039.mp3,42_39.png,mp3,042039,042,039,42,_,39
042040_1.mp3,42_40.png,mp3,042040,042,040,42,_,40
042040_2.mp3,42_40.png,mp3,042040,042,040,42,_,40
042041.mp3,42_41.png,mp3,042041,042,041,42,_,41
042042_1.mp3,42_42.png,mp3,042042,042,042,42,_,42
042042_2.mp3,42_42.png,mp3,042042,042,042,42,_,42
042043.mp3,42_43.png,mp3,042043,042,043,42,_,43
042044_1.mp3,42_44.png,mp3,042044,042,044,42,_,44
042044_2.mp3,42_44.png,mp3,042044,042,044,42,_,44
042045_1.mp3,42_45.png,mp3,042045,042,045,42,_,45
042045_2.mp3,42_45.png,mp3,042045,042,045,42,_,45
042045_3.mp3,42_45.png,mp3,042045,042,045,42,_,45
042046_1.mp3,42_46.png,mp3,042046,042,046,42,_,46
042046_2.mp3,42_46.png,mp3,042046,042,046,42,_,46
042047_1.mp3,42_47.png,mp3,042047,042,047,42,_,47
042047_2.mp3,42_47.png,mp3,042047,042,047,42,_,47
042048_1.mp3,42_48.png,mp3,042048,042,048,42,_,48
042048_2.mp3,42_48.png,mp3,042048,042,048,42,_,48
042048_3.mp3,42_48.png,mp3,042048,042,048,42,_,48
042049.mp3,42_49.png,mp3,042049,042,049,42,_,49
042050_1.mp3,42_50.png,mp3,042050,042,050,42,_,50
042050_2.mp3,42_50.png,mp3,042050,042,050,42,_,50
042051_1.mp3,42_51.png,mp3,042051,042,051,42,_,51
042051_2.mp3,42_51.png,mp3,042051,042,051,42,_,51
042051_3.mp3,42_51.png,mp3,042051,042,051,42,_,51
042052_1.mp3,42_52.png,mp3,042052,042,052,42,_,52
042052_2.mp3,42_52.png,mp3,042052,042,052,42,_,52
042052_3.mp3,42_52.png,mp3,042052,042,052,42,_,52
042053_1.mp3,42_53.png,mp3,042053,042,053,42,_,53
042053_2.mp3,42_53.png,mp3,042053,042,053,42,_,53
043001_1.mp3,43_1.png,mp3,043001,043,001,43,_,1
043001_2.mp3,43_1.png,mp3,043001,043,001,43,_,1
043002.mp3,43_2.png,mp3,043002,043,002,43,_,2
043003.mp3,43_3.png,mp3,043003,043,003,43,_,3
043004.mp3,43_4.png,mp3,043004,043,004,43,_,4
043005.mp3,43_5.png,mp3,043005,043,005,43,_,5
043006.mp3,43_6.png,mp3,043006,043,006,43,_,6
043007.mp3,43_7.png,mp3,043007,043,007,43,_,7
043008.mp3,43_8.png,mp3,043008,043,008,43,_,8
043009.mp3,43_9.png,mp3,043009,043,009,43,_,9
043010.mp3,43_10.png,mp3,043010,043,010,43,_,10
043011_1.mp3,43_11.png,mp3,043011,043,011,43,_,11
043011_2.mp3,43_11.png,mp3,043011,043,011,43,_,11
043012.mp3,43_12.png,mp3,043012,043,012,43,_,12
043013_1.mp3,43_13.png,mp3,043013,043,013,43,_,13
043013_2.mp3,43_13.png,mp3,043013,043,013,43,_,13
043014.mp3,43_14.png,mp3,043014,043,014,43,_,14
043015_1.mp3,43_15.png,mp3,043015,043,015,43,_,15
043015_2.mp3,43_15.png,mp3,043015,043,015,43,_,15
043016.mp3,43_16.png,mp3,043016,043,016,43,_,16
043017.mp3,43_17.png,mp3,043017,043,017,43,_,17
043018.mp3,43_18.png,mp3,043018,043,018,43,_,18
043019.mp3,43_19.png,mp3,043019,043,019,43,_,19
043020.mp3,43_20.png,mp3,043020,043,020,43,_,20
043021.mp3,43_21.png,mp3,043021,043,021,43,_,21
043022.mp3,43_22.png,mp3,043022,043,022,43,_,22
043023_1.mp3,43_23.png,mp3,043023,043,023,43,_,23
043023_2.mp3,43_23.png,mp3,043023,043,023,43,_,23
043024_1.mp3,43_24.png,mp3,043024,043,024,43,_,24
043024_2.mp3,43_24.png,mp3,043024,043,024,43,_,24
043025_1.mp3,43_25.png,mp3,043025,043,025,43,_,25
043025_2.mp3,43_25.png,mp3,043025,043,025,43,_,25
043026.mp3,43_26.png,mp3,043026,043,026,43,_,26
043027.mp3,43_27.png,mp3,043027,043,027,43,_,27
043028.mp3,43_28.png,mp3,043028,043,028,43,_,28
043029.mp3,43_29.png,mp3,043029,043,029,43,_,29
043030.mp3,43_30.png,mp3,043030,043,030,43,_,30
043031.mp3,43_31.png,mp3,043031,043,031,43,_,31
043032_1.mp3,43_32.png,mp3,043032,043,032,43,_,32
043032_2.mp3,43_32.png,mp3,043032,043,032,43,_,32
043033_1.mp3,43_33.png,mp3,043033,043,033,43,_,33
043033_2.mp3,43_33.png,mp3,043033,043,033,43,_,33
043034.mp3,43_34.png,mp3,043034,043,034,43,_,34
043035_1.mp3,43_35.png,mp3,043035,043,035,43,_,35
043035_2.mp3,43_35.png,mp3,043035,043,035,43,_,35
043035_3.mp3,43_35.png,mp3,043035,043,035,43,_,35
043036.mp3,43_36.png,mp3,043036,043,036,43,_,36
043037.mp3,43_37.png,mp3,043037,043,037,43,_,37
043038.mp3,43_38.png,mp3,043038,043,038,43,_,38
043039.mp3,43_39.png,mp3,043039,043,039,43,_,39
043040.mp3,43_40.png,mp3,043040,043,040,43,_,40
043041.mp3,43_41.png,mp3,043041,043,041,43,_,41
043042.mp3,43_42.png,mp3,043042,043,042,43,_,42
043043.mp3,43_43.png,mp3,043043,043,043,43,_,43
043044_1.mp3,43_44.png,mp3,043044,043,044,43,_,44
043044_2.mp3,43_44.png,mp3,043044,043,044,43,_,44
043045.mp3,43_45.png,mp3,043045,043,045,43,_,45
043046.mp3,43_46.png,mp3,043046,043,046,43,_,46
043047.mp3,43_47.png,mp3,043047,043,047,43,_,47
043048_1.mp3,43_48.png,mp3,043048,043,048,43,_,48
043048_2.mp3,43_48.png,mp3,043048,043,048,43,_,48
043049.mp3,43_49.png,mp3,043049,043,049,43,_,49
043050.mp3,43_50.png,mp3,043050,043,050,43,_,50
043051_1.mp3,43_51.png,mp3,043051,043,051,43,_,51
043051_2.mp3,43_51.png,mp3,043051,043,051,43,_,51
043052.mp3,43_52.png,mp3,043052,043,052,43,_,52
043053.mp3,43_53.png,mp3,043053,043,053,43,_,53
043054_1.mp3,43_54.png,mp3,043054,043,054,43,_,54
043054_2.mp3,43_54.png,mp3,043054,043,054,43,_,54
043055.mp3,43_55.png,mp3,043055,043,055,43,_,55
043056.mp3,43_56.png,mp3,043056,043,056,43,_,56
043057.mp3,43_57.png,mp3,043057,043,057,43,_,57
043058_1.mp3,43_58.png,mp3,043058,043,058,43,_,58
043058_2.mp3,43_58.png,mp3,043058,043,058,43,_,58
043059.mp3,43_59.png,mp3,043059,043,059,43,_,59
043060.mp3,43_60.png,mp3,043060,043,060,43,_,60
043061_1.mp3,43_61.png,mp3,043061,043,061,43,_,61
043061_2.mp3,43_61.png,mp3,043061,043,061,43,_,61
043062.mp3,43_62.png,mp3,043062,043,062,43,_,62
043063_1.mp3,43_63.png,mp3,043063,043,063,43,_,63
043063_2.mp3,43_63.png,mp3,043063,043,063,43,_,63
043064.mp3,43_64.png,mp3,043064,043,064,43,_,64
043065_1.mp3,43_65.png,mp3,043065,043,065,43,_,65
043065_2.mp3,43_65.png,mp3,043065,043,065,43,_,65
043066.mp3,43_66.png,mp3,043066,043,066,43,_,66
043067.mp3,43_67.png,mp3,043067,043,067,43,_,67
043068.mp3,43_68.png,mp3,043068,043,068,43,_,68
043069.mp3,43_69.png,mp3,043069,043,069,43,_,69
043070.mp3,43_70.png,mp3,043070,043,070,43,_,70
043071_1.mp3,43_71.png,mp3,043071,043,071,43,_,71
043071_2.mp3,43_71.png,mp3,043071,043,071,43,_,71
043071_3.mp3,43_71.png,mp3,043071,043,071,43,_,71
043072.mp3,43_72.png,mp3,043072,043,072,43,_,72
043073.mp3,43_73.png,mp3,043073,043,073,43,_,73
043074.mp3,43_74.png,mp3,043074,043,074,43,_,74
043075.mp3,43_75.png,mp3,043075,043,075,43,_,75
043076.mp3,43_76.png,mp3,043076,043,076,43,_,76
043077_1.mp3,43_77.png,mp3,043077,043,077,43,_,77
043077_2.mp3,43_77.png,mp3,043077,043,077,43,_,77
043078.mp3,43_78.png,mp3,043078,043,078,43,_,78
043079.mp3,43_79.png,mp3,043079,043,079,43,_,79
043080_1.mp3,43_80.png,mp3,043080,043,080,43,_,80
043080_2.mp3,43_80.png,mp3,043080,043,080,43,_,80
043081.mp3,43_81.png,mp3,043081,043,081,43,_,81
043082.mp3,43_82.png,mp3,043082,043,082,43,_,82
043083.mp3,43_83.png,mp3,043083,043,083,43,_,83
043084_1.mp3,43_84.png,mp3,043084,043,084,43,_,84
043084_2.mp3,43_84.png,mp3,043084,043,084,43,_,84
043085.mp3,43_85.png,mp3,043085,043,085,43,_,85
043086.mp3,43_86.png,mp3,043086,043,086,43,_,86
043087_1.mp3,43_87.png,mp3,043087,043,087,43,_,87
043087_2.mp3,43_87.png,mp3,043087,043,087,43,_,87
043088.mp3,43_88.png,mp3,043088,043,088,43,_,88
043089.mp3,43_89.png,mp3,043089,043,089,43,_,89
044001.mp3,44_1.png,mp3,044001,044,001,44,_,1
044002.mp3,44_2.png,mp3,044002,044,002,44,_,2
044003_1.mp3,44_3.png,mp3,044003,044,003,44,_,3
044003_2.mp3,44_3.png,mp3,044003,044,003,44,_,3
044004.mp3,44_4.png,mp3,044004,044,004,44,_,4
044005.mp3,44_5.png,mp3,044005,044,005,44,_,5
044006.mp3,44_6.png,mp3,044006,044,006,44,_,6
044007.mp3,44_7.png,mp3,044007,044,007,44,_,7
044008_1.mp3,44_8.png,mp3,044008,044,008,44,_,8
044008_2.mp3,44_8.png,mp3,044008,044,008,44,_,8
044009.mp3,44_9.png,mp3,044009,044,009,44,_,9
044010.mp3,44_10.png,mp3,044010,044,010,44,_,10
044011.mp3,44_11.png,mp3,044011,044,011,44,_,11
044012.mp3,44_12.png,mp3,044012,044,012,44,_,12
044013.mp3,44_13.png,mp3,044013,044,013,44,_,13
044014.mp3,44_14.png,mp3,044014,044,014,44,_,14
044015.mp3,44_15.png,mp3,044015,044,015,44,_,15
044016.mp3,44_16.png,mp3,044016,044,016,44,_,16
044017.mp3,44_17.png,mp3,044017,044,017,44,_,17
044018.mp3,44_18.png,mp3,044018,044,018,44,_,18
044019.mp3,44_19.png,mp3,044019,044,019,44,_,19
044020.mp3,44_20.png,mp3,044020,044,020,44,_,20
044021.mp3,44_21.png,mp3,044021,044,021,44,_,21
044022.mp3,44_22.png,mp3,044022,044,022,44,_,22
044023.mp3,44_23.png,mp3,044023,044,023,44,_,23
044024.mp3,44_24.png,mp3,044024,044,024,44,_,24
044025.mp3,44_25.png,mp3,044025,044,025,44,_,25
044026.mp3,44_26.png,mp3,044026,044,026,44,_,26
044027.mp3,44_27.png,mp3,044027,044,027,44,_,27
044028.mp3,44_28.png,mp3,044028,044,028,44,_,28
044029.mp3,44_29.png,mp3,044029,044,029,44,_,29
044030.mp3,44_30.png,mp3,044030,044,030,44,_,30
044031_1.mp3,44_31.png,mp3,044031,044,031,44,_,31
044031_2.mp3,44_31.png,mp3,044031,044,031,44,_,31
044032.mp3,44_32.png,mp3,044032,044,032,44,_,32
044033.mp3,44_33.png,mp3,044033,044,033,44,_,33
044034.mp3,44_34.png,mp3,044034,044,034,44,_,34
044035.mp3,44_35.png,mp3,044035,044,035,44,_,35
044036.mp3,44_36.png,mp3,044036,044,036,44,_,36
044037.mp3,44_37.png,mp3,044037,044,037,44,_,37
044038.mp3,44_38.png,mp3,044038,044,038,44,_,38
044039.mp3,44_39.png,mp3,044039,044,039,44,_,39
044040.mp3,44_40.png,mp3,044040,044,040,44,_,40
044041.mp3,44_41.png,mp3,044041,044,041,44,_,41
044042.mp3,44_42.png,mp3,044042,044,042,44,_,42
044043.mp3,44_43.png,mp3,044043,044,043,44,_,43
044044.mp3,44_44.png,mp3,044044,044,044,44,_,44
044045.mp3,44_45.png,mp3,044045,044,045,44,_,45
044046.mp3,44_46.png,mp3,044046,044,046,44,_,46
044047.mp3,44_47.png,mp3,044047,044,047,44,_,47
044048.mp3,44_48.png,mp3,044048,044,048,44,_,48
044049.mp3,44_49.png,mp3,044049,044,049,44,_,49
044050.mp3,44_50.png,mp3,044050,044,050,44,_,50
044051.mp3,44_51.png,mp3,044051,044,051,44,_,51
044052.mp3,44_52.png,mp3,044052,044,052,44,_,52
044053.mp3,44_53.png,mp3,044053,044,053,44,_,53
044054.mp3,44_54.png,mp3,044054,044,054,44,_,54
044055.mp3,44_55.png,mp3,044055,044,055,44,_,55
044056.mp3,44_56.png,mp3,044056,044,056,44,_,56
044057_1.mp3,44_57.png,mp3,044057,044,057,44,_,57
044057_2.mp3,44_57.png,mp3,044057,044,057,44,_,57
044058.mp3,44_58.png,mp3,044058,044,058,44,_,58
044059.mp3,44_59.png,mp3,044059,044,059,44,_,59
045001_1.mp3,45_1.png,mp3,045001,045,001,45,_,1
045001_2.mp3,45_1.png,mp3,045001,045,001,45,_,1
045002.mp3,45_2.png,mp3,045002,045,002,45,_,2
045003.mp3,45_3.png,mp3,045003,045,003,45,_,3
045004.mp3,45_4.png,mp3,045004,045,004,45,_,4
045005_1.mp3,45_5.png,mp3,045005,045,005,45,_,5
045005_2.mp3,45_5.png,mp3,045005,045,005,45,_,5
045006_1.mp3,45_6.png,mp3,045006,045,006,45,_,6
045006_2.mp3,45_6.png,mp3,045006,045,006,45,_,6
045007.mp3,45_7.png,mp3,045007,045,007,45,_,7
045008_1.mp3,45_8.png,mp3,045008,045,008,45,_,8
045008_2.mp3,45_8.png,mp3,045008,045,008,45,_,8
045009.mp3,45_9.png,mp3,045009,045,009,45,_,9
045010.mp3,45_10.png,mp3,045010,045,010,45,_,10
045011.mp3,45_11.png,mp3,045011,045,011,45,_,11
045012.mp3,45_12.png,mp3,045012,045,012,45,_,12
045013_1.mp3,45_13.png,mp3,045013,045,013,45,_,13
045013_2.mp3,45_13.png,mp3,045013,045,013,45,_,13
045014.mp3,45_14.png,mp3,045014,045,014,45,_,14
045015_1.mp3,45_15.png,mp3,045015,045,015,45,_,15
045015_2.mp3,45_15.png,mp3,045015,045,015,45,_,15
045016_1.mp3,45_16.png,mp3,045016,045,016,45,_,16
045016_2.mp3,45_16.png,mp3,045016,045,016,45,_,16
045017_1.mp3,45_17.png,mp3,045017,045,017,45,_,17
045017_2.mp3,45_17.png,mp3,045017,045,017,45,_,17
045018.mp3,45_18.png,mp3,045018,045,018,45,_,18
045019_1.mp3,45_19.png,mp3,045019,045,019,45,_,19
045019_2.mp3,45_19.png,mp3,045019,045,019,45,_,19
045020.mp3,45_20.png,mp3,045020,045,020,45,_,20
045021_1.mp3,45_21.png,mp3,045021,045,021,45,_,21
045021_2.mp3,45_21.png,mp3,045021,045,021,45,_,21
045022.mp3,45_22.png,mp3,045022,045,022,45,_,22
045023_1.mp3,45_23.png,mp3,045023,045,023,45,_,23
045023_2.mp3,45_23.png,mp3,045023,045,023,45,_,23
045023_3.mp3,45_23.png,mp3,045023,045,023,45,_,23
045024_1.mp3,45_24.png,mp3,045024,045,024,45,_,24
045024_2.mp3,45_24.png,mp3,045024,045,024,45,_,24
045024_3.mp3,45_24.png,mp3,045024,045,024,45,_,24
045025.mp3,45_25.png,mp3,045025,045,025,45,_,25
045026_1.mp3,45_26.png,mp3,045026,045,026,45,_,26
045026_2.mp3,45_26.png,mp3,045026,045,026,45,_,26
045027_1.mp3,45_27.png,mp3,045027,045,027,45,_,27
045027_2.mp3,45_27.png,mp3,045027,045,027,45,_,27
045028_1.mp3,45_28.png,mp3,045028,045,028,45,_,28
045028_2.mp3,45_28.png,mp3,045028,045,028,45,_,28
045028_3.mp3,45_28.png,mp3,045028,045,028,45,_,28
045029_1.mp3,45_29.png,mp3,045029,045,029,45,_,29
045029_2.mp3,45_29.png,mp3,045029,045,029,45,_,29
045030_1.mp3,45_30.png,mp3,045030,045,030,45,_,30
045030_2.mp3,45_30.png,mp3,045030,045,030,45,_,30
045031.mp3,45_31.png,mp3,045031,045,031,45,_,31
045032_1.mp3,45_32.png,mp3,045032,045,032,45,_,32
045032_2.mp3,45_32.png,mp3,045032,045,032,45,_,32
045033.mp3,45_33.png,mp3,045033,045,033,45,_,33
045034.mp3,45_34.png,mp3,045034,045,034,45,_,34
045035_1.mp3,45_35.png,mp3,045035,045,035,45,_,35
045035_2.mp3,45_35.png,mp3,045035,045,035,45,_,35
045036.mp3,45_36.png,mp3,045036,045,036,45,_,36
045037_1.mp3,45_37.png,mp3,045037,045,037,45,_,37
045037_2.mp3,45_37.png,mp3,045037,045,037,45,_,37
046001_1.mp3,46_1.png,mp3,046001,046,001,46,_,1
046001_2.mp3,46_1.png,mp3,046001,046,001,46,_,1
046002.mp3,46_2.png,mp3,046002,046,002,46,_,2
046003_1.mp3,46_3.png,mp3,046003,046,003,46,_,3
046003_2.mp3,46_3.png,mp3,046003,046,003,46,_,3
046004_1.mp3,46_4.png,mp3,046004,046,004,46,_,4
046004_2.mp3,46_4.png,mp3,046004,046,004,46,_,4
046004_3.mp3,46_4.png,mp3,046004,046,004,46,_,4
046005.mp3,46_5.png,mp3,046005,046,005,46,_,5
046006.mp3,46_6.png,mp3,046006,046,006,46,_,6
046007.mp3,46_7.png,mp3,046007,046,007,46,_,7
046008_1.mp3,46_8.png,mp3,046008,046,008,46,_,8
046008_2.mp3,46_8.png,mp3,046008,046,008,46,_,8
046008_3.mp3,46_8.png,mp3,046008,046,008,46,_,8
046009_1.mp3,46_9.png,mp3,046009,046,009,46,_,9
046009_2.mp3,46_9.png,mp3,046009,046,009,46,_,9
046010_1.mp3,46_10.png,mp3,046010,046,010,46,_,10
046010_2.mp3,46_10.png,mp3,046010,046,010,46,_,10
046010_3.mp3,46_10.png,mp3,046010,046,010,46,_,10
046011_1.mp3,46_11.png,mp3,046011,046,011,46,_,11
046011_2.mp3,46_11.png,mp3,046011,046,011,46,_,11
046012_1.mp3,46_12.png,mp3,046012,046,012,46,_,12
046012_2.mp3,46_12.png,mp3,046012,046,012,46,_,12
046013.mp3,46_13.png,mp3,046013,046,013,46,_,13
046014.mp3,46_14.png,mp3,046014,046,014,46,_,14
046015_1.mp3,46_15.png,mp3,046015,046,015,46,_,15
046015_2.mp3,46_15.png,mp3,046015,046,015,46,_,15
046015_3.mp3,46_15.png,mp3,046015,046,015,46,_,15
046015_4.mp3,46_15.png,mp3,046015,046,015,46,_,15
046015_5.mp3,46_15.png,mp3,046015,046,015,46,_,15
046016_1.mp3,46_16.png,mp3,046016,046,016,46,_,16
046016_2.mp3,46_16.png,mp3,046016,046,016,46,_,16
046017_1.mp3,46_17.png,mp3,046017,046,017,46,_,17
046017_2.mp3,46_17.png,mp3,046017,046,017,46,_,17
046018_1.mp3,46_18.png,mp3,046018,046,018,46,_,18
046018_2.mp3,46_18.png,mp3,046018,046,018,46,_,18
046019.mp3,46_19.png,mp3,046019,046,019,46,_,19
046020.mp3,46_20.png,mp3,046020,046,020,46,_,20
046021_1.mp3,46_21.png,mp3,046021,046,021,46,_,21
046021_2.mp3,46_21.png,mp3,046021,046,021,46,_,21
046022.mp3,46_22.png,mp3,046022,046,022,46,_,22
046023.mp3,46_23.png,mp3,046023,046,023,46,_,23
046024_1.mp3,46_24.png,mp3,046024,046,024,46,_,24
046024_2.mp3,46_24.png,mp3,046024,046,024,46,_,24
046024_3.mp3,46_24.png,mp3,046024,046,024,46,_,24
046025_1.mp3,46_25.png,mp3,046025,046,025,46,_,25
046025_2.mp3,46_25.png,mp3,046025,046,025,46,_,25
046026_1.mp3,46_26.png,mp3,046026,046,026,46,_,26
046026_2.mp3,46_26.png,mp3,046026,046,026,46,_,26
046026_3.mp3,46_26.png,mp3,046026,046,026,46,_,26
046026_4.mp3,46_26.png,mp3,046026,046,026,46,_,26
046027.mp3,46_27.png,mp3,046027,046,027,46,_,27
046028.mp3,46_28.png,mp3,046028,046,028,46,_,28
046029_1.mp3,46_29.png,mp3,046029,046,029,46,_,29
046029_2.mp3,46_29.png,mp3,046029,046,029,46,_,29
046029_3.mp3,46_29.png,mp3,046029,046,029,46,_,29
046030_1.mp3,46_30.png,mp3,046030,046,030,46,_,30
046030_2.mp3,46_30.png,mp3,046030,046,030,46,_,30
046031.mp3,46_31.png,mp3,046031,046,031,46,_,31
046032_1.mp3,46_32.png,mp3,046032,046,032,46,_,32
046032_2.mp3,46_32.png,mp3,046032,046,032,46,_,32
046033_1.mp3,46_33.png,mp3,046033,046,033,46,_,33
046033_2.mp3,46_33.png,mp3,046033,046,033,46,_,33
046034_1.mp3,46_34.png,mp3,046034,046,034,46,_,34
046034_2.mp3,46_34.png,mp3,046034,046,034,46,_,34
046035_1.mp3,46_35.png,mp3,046035,046,035,46,_,35
046035_2.mp3,46_35.png,mp3,046035,046,035,46,_,35
047001_1.mp3,47_1.png,mp3,047001,047,001,47,_,1
047001_2.mp3,47_1.png,mp3,047001,047,001,47,_,1
047002_1.mp3,47_2.png,mp3,047002,047,002,47,_,2
047002_2.mp3,47_2.png,mp3,047002,047,002,47,_,2
047003_1.mp3,47_3.png,mp3,047003,047,003,47,_,3
047003_2.mp3,47_3.png,mp3,047003,047,003,47,_,3
047004_1.mp3,47_4.png,mp3,047004,047,004,47,_,4
047004_2.mp3,47_4.png,mp3,047004,047,004,47,_,4
047004_3.mp3,47_4.png,mp3,047004,047,004,47,_,4
047004_4.mp3,47_4.png,mp3,047004,047,004,47,_,4
047004_5.mp3,47_4.png,mp3,047004,047,004,47,_,4
047005.mp3,47_5.png,mp3,047005,047,005,47,_,5
047006.mp3,47_6.png,mp3,047006,047,006,47,_,6
047007.mp3,47_7.png,mp3,047007,047,007,47,_,7
047008.mp3,47_8.png,mp3,047008,047,008,47,_,8
047009.mp3,47_9.png,mp3,047009,047,009,47,_,9
047010.mp3,47_10.png,mp3,047010,047,010,47,_,10
047011.mp3,47_11.png,mp3,047011,047,011,47,_,11
047012_1.mp3,47_12.png,mp3,047012,047,012,47,_,12
047012_2.mp3,47_12.png,mp3,047012,047,012,47,_,12
047013.mp3,47_13.png,mp3,047013,047,013,47,_,13
047014.mp3,47_14.png,mp3,047014,047,014,47,_,14
047015_1.mp3,47_15.png,mp3,047015,047,015,47,_,15
047015_2.mp3,47_15.png,mp3,047015,047,015,47,_,15
047015_3.mp3,47_15.png,mp3,047015,047,015,47,_,15
047015_4.mp3,47_15.png,mp3,047015,047,015,47,_,15
047016_1.mp3,47_16.png,mp3,047016,047,016,47,_,16
047016_2.mp3,47_16.png,mp3,047016,047,016,47,_,16
047017.mp3,47_17.png,mp3,047017,047,017,47,_,17
047018_1.mp3,47_18.png,mp3,047018,047,018,47,_,18
047018_2.mp3,47_18.png,mp3,047018,047,018,47,_,18
047019_1.mp3,47_19.png,mp3,047019,047,019,47,_,19
047019_2.mp3,47_19.png,mp3,047019,047,019,47,_,19
047020_1.mp3,47_20.png,mp3,047020,047,020,47,_,20
047020_2.mp3,47_20.png,mp3,047020,047,020,47,_,20
047020_3.mp3,47_20.png,mp3,047020,047,020,47,_,20
047020_4.mp3,47_20.png,mp3,047020,047,020,47,_,20
047021_1.mp3,47_21.png,mp3,047021,047,021,47,_,21
047021_2.mp3,47_21.png,mp3,047021,047,021,47,_,21
047022.mp3,47_22.png,mp3,047022,047,022,47,_,22
047023.mp3,47_23.png,mp3,047023,047,023,47,_,23
047024.mp3,47_24.png,mp3,047024,047,024,47,_,24
047025.mp3,47_25.png,mp3,047025,047,025,47,_,25
047026_1.mp3,47_26.png,mp3,047026,047,026,47,_,26
047026_2.mp3,47_26.png,mp3,047026,047,026,47,_,26
047027.mp3,47_27.png,mp3,047027,047,027,47,_,27
047028.mp3,47_28.png,mp3,047028,047,028,47,_,28
047029.mp3,47_29.png,mp3,047029,047,029,47,_,29
047030_1.mp3,47_30.png,mp3,047030,047,030,47,_,30
047030_2.mp3,47_30.png,mp3,047030,047,030,47,_,30
047031.mp3,47_31.png,mp3,047031,047,031,47,_,31
047032_1.mp3,47_32.png,mp3,047032,047,032,47,_,32
047032_2.mp3,47_32.png,mp3,047032,047,032,47,_,32
047033.mp3,47_33.png,mp3,047033,047,033,47,_,33
047034.mp3,47_34.png,mp3,047034,047,034,47,_,34
047035_1.mp3,47_35.png,mp3,047035,047,035,47,_,35
047035_2.mp3,47_35.png,mp3,047035,047,035,47,_,35
047036_1.mp3,47_36.png,mp3,047036,047,036,47,_,36
047036_2.mp3,47_36.png,mp3,047036,047,036,47,_,36
047037.mp3,47_37.png,mp3,047037,047,037,47,_,37
047038_1.mp3,47_38.png,mp3,047038,047,038,47,_,38
047038_2.mp3,47_38.png,mp3,047038,047,038,47,_,38
047038_3.mp3,47_38.png,mp3,047038,047,038,47,_,38
047038_4.mp3,47_38.png,mp3,047038,047,038,47,_,38
048001_1.mp3,48_1.png,mp3,048001,048,001,48,_,1
048001_2.mp3,48_1.png,mp3,048001,048,001,48,_,1
048002.mp3,48_2.png,mp3,048002,048,002,48,_,2
048003.mp3,48_3.png,mp3,048003,048,003,48,_,3
048004_1.mp3,48_4.png,mp3,048004,048,004,48,_,4
048004_2.mp3,48_4.png,mp3,048004,048,004,48,_,4
048004_3.mp3,48_4.png,mp3,048004,048,004,48,_,4
048005_1.mp3,48_5.png,mp3,048005,048,005,48,_,5
048005_2.mp3,48_5.png,mp3,048005,048,005,48,_,5
048006_1.mp3,48_6.png,mp3,048006,048,006,48,_,6
048006_2.mp3,48_6.png,mp3,048006,048,006,48,_,6
048006_3.mp3,48_6.png,mp3,048006,048,006,48,_,6
048006_4.mp3,48_6.png,mp3,048006,048,006,48,_,6
048007_1.mp3,48_7.png,mp3,048007,048,007,48,_,7
048007_2.mp3,48_7.png,mp3,048007,048,007,48,_,7
048008.mp3,48_8.png,mp3,048008,048,008,48,_,8
048009.mp3,48_9.png,mp3,048009,048,009,48,_,9
048010_1.mp3,48_10.png,mp3,048010,048,010,48,_,10
048010_2.mp3,48_10.png,mp3,048010,048,010,48,_,10
048010_3.mp3,48_10.png,mp3,048010,048,010,48,_,10
048010_4.mp3,48_10.png,mp3,048010,048,010,48,_,10
048011_1.mp3,48_11.png,mp3,048011,048,011,48,_,11
048011_2.mp3,48_11.png,mp3,048011,048,011,48,_,11
048011_3.mp3,48_11.png,mp3,048011,048,011,48,_,11
048011_4.mp3,48_11.png,mp3,048011,048,011,48,_,11
048012_1.mp3,48_12.png,mp3,048012,048,012,48,_,12
048012_2.mp3,48_12.png,mp3,048012,048,012,48,_,12
048013.mp3,48_13.png,mp3,048013,048,013,48,_,13
048014_1.mp3,48_14.png,mp3,048014,048,014,48,_,14
048014_2.mp3,48_14.png,mp3,048014,048,014,48,_,14
048014_3.mp3,48_14.png,mp3,048014,048,014,48,_,14
048015_1.mp3,48_15.png,mp3,048015,048,015,48,_,15
048015_2.mp3,48_15.png,mp3,048015,048,015,48,_,15
048015_3.mp3,48_15.png,mp3,048015,048,015,48,_,15
048015_4.mp3,48_15.png,mp3,048015,048,015,48,_,15
048015_5.mp3,48_15.png,mp3,048015,048,015,48,_,15
048015_6.mp3,48_15.png,mp3,048015,048,015,48,_,15
048016_1.mp3,48_16.png,mp3,048016,048,016,48,_,16
048016_2.mp3,48_16.png,mp3,048016,048,016,48,_,16
048016_3.mp3,48_16.png,mp3,048016,048,016,48,_,16
048017_1.mp3,48_17.png,mp3,048017,048,017,48,_,17
048017_2.mp3,48_17.png,mp3,048017,048,017,48,_,17
048017_3.mp3,48_17.png,mp3,048017,048,017,48,_,17
048018.mp3,48_18.png,mp3,048018,048,018,48,_,18
048019_1.mp3,48_19.png,mp3,048019,048,019,48,_,19
048019_2.mp3,48_19.png,mp3,048019,048,019,48,_,19
048020_1.mp3,48_20.png,mp3,048020,048,020,48,_,20
048020_2.mp3,48_20.png,mp3,048020,048,020,48,_,20
048021_1.mp3,48_21.png,mp3,048021,048,021,48,_,21
048021_2.mp3,48_21.png,mp3,048021,048,021,48,_,21
048022.mp3,48_22.png,mp3,048022,048,022,48,_,22
048023_1.mp3,48_23.png,mp3,048023,048,023,48,_,23
048023_2.mp3,48_23.png,mp3,048023,048,023,48,_,23
048024_1.mp3,48_24.png,mp3,048024,048,024,48,_,24
048024_2.mp3,48_24.png,mp3,048024,048,024,48,_,24
048025_1.mp3,48_25.png,mp3,048025,048,025,48,_,25
048025_2.mp3,48_25.png,mp3,048025,048,025,48,_,25
048025_3.mp3,48_25.png,mp3,048025,048,025,48,_,25
048025_4.mp3,48_25.png,mp3,048025,048,025,48,_,25
048026_1.mp3,48_26.png,mp3,048026,048,026,48,_,26
048026_2.mp3,48_26.png,mp3,048026,048,026,48,_,26
048026_3.mp3,48_26.png,mp3,048026,048,026,48,_,26
048027_1.mp3,48_27.png,mp3,048027,048,027,48,_,27
048027_2.mp3,48_27.png,mp3,048027,048,027,48,_,27
048027_3.mp3,48_27.png,mp3,048027,048,027,48,_,27
048028_1.mp3,48_28.png,mp3,048028,048,028,48,_,28
048028_2.mp3,48_28.png,mp3,048028,048,028,48,_,28
048029_1.mp3,48_29.png,mp3,048029,048,029,48,_,29
048029_2.mp3,48_29.png,mp3,048029,048,029,48,_,29
048029_3.mp3,48_29.png,mp3,048029,048,029,48,_,29
048029_4.mp3,48_29.png,mp3,048029,048,029,48,_,29
048029_5.mp3,48_29.png,mp3,048029,048,029,48,_,29
049001_1.mp3,49_1.png,mp3,049001,049,001,49,_,1
049001_2.mp3,49_1.png,mp3,049001,049,001,49,_,1
049001_3.mp3,49_1.png,mp3,049001,049,001,49,_,1
049001_4.mp3,49_1.png,mp3,049001,049,001,49,_,1
049002_1.mp3,49_2.png,mp3,049002,049,002,49,_,2
049002_2.mp3,49_2.png,mp3,049002,049,002,49,_,2
049003_1.mp3,49_3.png,mp3,049003,049,003,49,_,3
049003_2.mp3,49_3.png,mp3,049003,049,003,49,_,3
049004.mp3,49_4.png,mp3,049004,049,004,49,_,4
049005_1.mp3,49_5.png,mp3,049005,049,005,49,_,5
049005_2.mp3,49_5.png,mp3,049005,049,005,49,_,5
049006_1.mp3,49_6.png,mp3,049006,049,006,49,_,6
049006_2.mp3,49_6.png,mp3,049006,049,006,49,_,6
049007_1.mp3,49_7.png,mp3,049007,049,007,49,_,7
049007_2.mp3,49_7.png,mp3,049007,049,007,49,_,7
049007_3.mp3,49_7.png,mp3,049007,049,007,49,_,7
049007_4.mp3,49_7.png,mp3,049007,049,007,49,_,7
049008_1.mp3,49_8.png,mp3,049008,049,008,49,_,8
049008_2.mp3,49_8.png,mp3,049008,049,008,49,_,8
049009_1.mp3,49_9.png,mp3,049009,049,009,49,_,9
049009_2.mp3,49_9.png,mp3,049009,049,009,49,_,9
049009_3.mp3,49_9.png,mp3,049009,049,009,49,_,9
049009_4.mp3,49_9.png,mp3,049009,049,009,49,_,9
049010_1.mp3,49_10.png,mp3,049010,049,010,49,_,10
049010_2.mp3,49_10.png,mp3,049010,049,010,49,_,10
049011_1.mp3,49_11.png,mp3,049011,049,011,49,_,11
049011_2.mp3,49_11.png,mp3,049011,049,011,49,_,11
049011_3.mp3,49_11.png,mp3,049011,049,011,49,_,11
049011_4.mp3,49_11.png,mp3,049011,049,011,49,_,11
049011_5.mp3,49_11.png,mp3,049011,049,011,49,_,11
049012_1.mp3,49_12.png,mp3,049012,049,012,49,_,12
049012_2.mp3,49_12.png,mp3,049012,049,012,49,_,12
049012_3.mp3,49_12.png,mp3,049012,049,012,49,_,12
049012_4.mp3,49_12.png,mp3,049012,049,012,49,_,12
049013_1.mp3,49_13.png,mp3,049013,049,013,49,_,13
049013_2.mp3,49_13.png,mp3,049013,049,013,49,_,13
049013_3.mp3,49_13.png,mp3,049013,049,013,49,_,13
049014_1.mp3,49_14.png,mp3,049014,049,014,49,_,14
049014_2.mp3,49_14.png,mp3,049014,049,014,49,_,14
049014_3.mp3,49_14.png,mp3,049014,049,014,49,_,14
049014_4.mp3,49_14.png,mp3,049014,049,014,49,_,14
049015_1.mp3,49_15.png,mp3,049015,049,015,49,_,15
049015_2.mp3,49_15.png,mp3,049015,049,015,49,_,15
049016_1.mp3,49_16.png,mp3,049016,049,016,49,_,16
049016_2.mp3,49_16.png,mp3,049016,049,016,49,_,16
049017_1.mp3,49_17.png,mp3,049017,049,017,49,_,17
049017_2.mp3,49_17.png,mp3,049017,049,017,49,_,17
049017_3.mp3,49_17.png,mp3,049017,049,017,49,_,17
049018_1.mp3,49_18.png,mp3,049018,049,018,49,_,18
049018_2.mp3,49_18.png,mp3,049018,049,018,49,_,18
050001_1.mp3,50_1.png,mp3,050001,050,001,50,_,1
050001_2.mp3,50_1.png,mp3,050001,050,001,50,_,1
050002.mp3,50_2.png,mp3,050002,050,002,50,_,2
050003.mp3,50_3.png,mp3,050003,050,003,50,_,3
050004_1.mp3,50_4.png,mp3,050004,050,004,50,_,4
050004_2.mp3,50_4.png,mp3,050004,050,004,50,_,4
050005.mp3,50_5.png,mp3,050005,050,005,50,_,5
050006.mp3,50_6.png,mp3,050006,050,006,50,_,6
050007.mp3,50_7.png,mp3,050007,050,007,50,_,7
050008.mp3,50_8.png,mp3,050008,050,008,50,_,8
050009.mp3,50_9.png,mp3,050009,050,009,50,_,9
050010.mp3,50_10.png,mp3,050010,050,010,50,_,10
050011_1.mp3,50_11.png,mp3,050011,050,011,50,_,11
050011_2.mp3,50_11.png,mp3,050011,050,011,50,_,11
050012.mp3,50_12.png,mp3,050012,050,012,50,_,12
050013.mp3,50_13.png,mp3,050013,050,013,50,_,13
050014_1.mp3,50_14.png,mp3,050014,050,014,50,_,14
050014_2.mp3,50_14.png,mp3,050014,050,014,50,_,14
050015_1.mp3,50_15.png,mp3,050015,050,015,50,_,15
050015_2.mp3,50_15.png,mp3,050015,050,015,50,_,15
050016_1.mp3,50_16.png,mp3,050016,050,016,50,_,16
050016_2.mp3,50_16.png,mp3,050016,050,016,50,_,16
050017.mp3,50_17.png,mp3,050017,050,017,50,_,17
050018.mp3,50_18.png,mp3,050018,050,018,50,_,18
050019_1.mp3,50_19.png,mp3,050019,050,019,50,_,19
050019_2.mp3,50_19.png,mp3,050019,050,019,50,_,19
050020.mp3,50_20.png,mp3,050020,050,020,50,_,20
050021.mp3,50_21.png,mp3,050021,050,021,50,_,21
050022.mp3,50_22.png,mp3,050022,050,022,50,_,22
050023.mp3,50_23.png,mp3,050023,050,023,50,_,23
050024.mp3,50_24.png,mp3,050024,050,024,50,_,24
050025.mp3,50_25.png,mp3,050025,050,025,50,_,25
050026.mp3,50_26.png,mp3,050026,050,026,50,_,26
050027.mp3,50_27.png,mp3,050027,050,027,50,_,27
050028.mp3,50_28.png,mp3,050028,050,028,50,_,28
050029.mp3,50_29.png,mp3,050029,050,029,50,_,29
050030.mp3,50_30.png,mp3,050030,050,030,50,_,30
050031.mp3,50_31.png,mp3,050031,050,031,50,_,31
050032.mp3,50_32.png,mp3,050032,050,032,50,_,32
050033.mp3,50_33.png,mp3,050033,050,033,50,_,33
050034.mp3,50_34.png,mp3,050034,050,034,50,_,34
050035.mp3,50_35.png,mp3,050035,050,035,50,_,35
050036.mp3,50_36.png,mp3,050036,050,036,50,_,36
050037.mp3,50_37.png,mp3,050037,050,037,50,_,37
050038.mp3,50_38.png,mp3,050038,050,038,50,_,38
050039.mp3,50_39.png,mp3,050039,050,039,50,_,39
050040.mp3,50_40.png,mp3,050040,050,040,50,_,40
050041.mp3,50_41.png,mp3,050041,050,041,50,_,41
050042.mp3,50_42.png,mp3,050042,050,042,50,_,42
050043.mp3,50_43.png,mp3,050043,050,043,50,_,43
050044.mp3,50_44.png,mp3,050044,050,044,50,_,44
050045.mp3,50_45.png,mp3,050045,050,045,50,_,45
051001_1.mp3,51_1.png,mp3,051001,051,001,51,_,1
051001_2.mp3,51_1.png,mp3,051001,051,001,51,_,1
051002.mp3,51_2.png,mp3,051002,051,002,51,_,2
051003.mp3,51_3.png,mp3,051003,051,003,51,_,3
051004.mp3,51_4.png,mp3,051004,051,004,51,_,4
051005.mp3,51_5.png,mp3,051005,051,005,51,_,5
051006.mp3,51_6.png,mp3,051006,051,006,51,_,6
051007.mp3,51_7.png,mp3,051007,051,007,51,_,7
051008.mp3,51_8.png,mp3,051008,051,008,51,_,8
051009.mp3,51_9.png,mp3,051009,051,009,51,_,9
051010.mp3,51_10.png,mp3,051010,051,010,51,_,10
051011.mp3,51_11.png,mp3,051011,051,011,51,_,11
051012.mp3,51_12.png,mp3,051012,051,012,51,_,12
051013.mp3,51_13.png,mp3,051013,051,013,51,_,13
051014.mp3,51_14.png,mp3,051014,051,014,51,_,14
051015.mp3,51_15.png,mp3,051015,051,015,51,_,15
051016_1.mp3,51_16.png,mp3,051016,051,016,51,_,16
051016_2.mp3,51_16.png,mp3,051016,051,016,51,_,16
051017.mp3,51_17.png,mp3,051017,051,017,51,_,17
051018.mp3,51_18.png,mp3,051018,051,018,51,_,18
051019.mp3,51_19.png,mp3,051019,051,019,51,_,19
051020.mp3,51_20.png,mp3,051020,051,020,51,_,20
051021.mp3,51_21.png,mp3,051021,051,021,51,_,21
051022.mp3,51_22.png,mp3,051022,051,022,51,_,22
051023.mp3,51_23.png,mp3,051023,051,023,51,_,23
051024.mp3,51_24.png,mp3,051024,051,024,51,_,24
051025.mp3,51_25.png,mp3,051025,051,025,51,_,25
051026.mp3,51_26.png,mp3,051026,051,026,51,_,26
051027.mp3,51_27.png,mp3,051027,051,027,51,_,27
051028.mp3,51_28.png,mp3,051028,051,028,51,_,28
051029.mp3,51_29.png,mp3,051029,051,029,51,_,29
051030_1.mp3,51_30.png,mp3,051030,051,030,51,_,30
051030_2.mp3,51_30.png,mp3,051030,051,030,51,_,30
051031.mp3,51_31.png,mp3,051031,051,031,51,_,31
051032.mp3,51_32.png,mp3,051032,051,032,51,_,32
051033.mp3,51_33.png,mp3,051033,051,033,51,_,33
051034.mp3,51_34.png,mp3,051034,051,034,51,_,34
051035.mp3,51_35.png,mp3,051035,051,035,51,_,35
051036.mp3,51_36.png,mp3,051036,051,036,51,_,36
051037.mp3,51_37.png,mp3,051037,051,037,51,_,37
051038.mp3,51_38.png,mp3,051038,051,038,51,_,38
051039.mp3,51_39.png,mp3,051039,051,039,51,_,39
051040.mp3,51_40.png,mp3,051040,051,040,51,_,40
051041.mp3,51_41.png,mp3,051041,051,041,51,_,41
051042.mp3,51_42.png,mp3,051042,051,042,51,_,42
051043.mp3,51_43.png,mp3,051043,051,043,51,_,43
051044.mp3,51_44.png,mp3,051044,051,044,51,_,44
051045.mp3,51_45.png,mp3,051045,051,045,51,_,45
051046_1.mp3,51_46.png,mp3,051046,051,046,51,_,46
051046_2.mp3,51_46.png,mp3,051046,051,046,51,_,46
051047.mp3,51_47.png,mp3,051047,051,047,51,_,47
051048.mp3,51_48.png,mp3,051048,051,048,51,_,48
051049.mp3,51_49.png,mp3,051049,051,049,51,_,49
051050_1.mp3,51_50.png,mp3,051050,051,050,51,_,50
051050_2.mp3,51_50.png,mp3,051050,051,050,51,_,50
051051_1.mp3,51_51.png,mp3,051051,051,051,51,_,51
051051_2.mp3,51_51.png,mp3,051051,051,051,51,_,51
051052.mp3,51_52.png,mp3,051052,051,052,51,_,52
051053_1.mp3,51_53.png,mp3,051053,051,053,51,_,53
051053_2.mp3,51_53.png,mp3,051053,051,053,51,_,53
051054.mp3,51_54.png,mp3,051054,051,054,51,_,54
051055.mp3,51_55.png,mp3,051055,051,055,51,_,55
051056.mp3,51_56.png,mp3,051056,051,056,51,_,56
051057.mp3,51_57.png,mp3,051057,051,057,51,_,57
051058.mp3,51_58.png,mp3,051058,051,058,51,_,58
051059.mp3,51_59.png,mp3,051059,051,059,51,_,59
051060.mp3,51_60.png,mp3,051060,051,060,51,_,60
052001_1.mp3,52_1.png,mp3,052001,052,001,52,_,1
052001_2.mp3,52_1.png,mp3,052001,052,001,52,_,1
052002.mp3,52_2.png,mp3,052002,052,002,52,_,2
052003.mp3,52_3.png,mp3,052003,052,003,52,_,3
052004.mp3,52_4.png,mp3,052004,052,004,52,_,4
052005.mp3,52_5.png,mp3,052005,052,005,52,_,5
052006.mp3,52_6.png,mp3,052006,052,006,52,_,6
052007.mp3,52_7.png,mp3,052007,052,007,52,_,7
052008.mp3,52_8.png,mp3,052008,052,008,52,_,8
052009.mp3,52_9.png,mp3,052009,052,009,52,_,9
052010.mp3,52_10.png,mp3,052010,052,010,52,_,10
052011.mp3,52_11.png,mp3,052011,052,011,52,_,11
052012.mp3,52_12.png,mp3,052012,052,012,52,_,12
052013.mp3,52_13.png,mp3,052013,052,013,52,_,13
052014.mp3,52_14.png,mp3,052014,052,014,52,_,14
052015.mp3,52_15.png,mp3,052015,052,015,52,_,15
052016_1.mp3,52_16.png,mp3,052016,052,016,52,_,16
052016_2.mp3,52_16.png,mp3,052016,052,016,52,_,16
052017.mp3,52_17.png,mp3,052017,052,017,52,_,17
052018.mp3,52_18.png,mp3,052018,052,018,52,_,18
052019.mp3,52_19.png,mp3,052019,052,019,52,_,19
052020.mp3,52_20.png,mp3,052020,052,020,52,_,20
052021_1.mp3,52_21.png,mp3,052021,052,021,52,_,21
052021_2.mp3,52_21.png,mp3,052021,052,021,52,_,21
052022.mp3,52_22.png,mp3,052022,052,022,52,_,22
052023.mp3,52_23.png,mp3,052023,052,023,52,_,23
052024.mp3,52_24.png,mp3,052024,052,024,52,_,24
052025.mp3,52_25.png,mp3,052025,052,025,52,_,25
052026.mp3,52_26.png,mp3,052026,052,026,52,_,26
052027.mp3,52_27.png,mp3,052027,052,027,52,_,27
052028.mp3,52_28.png,mp3,052028,052,028,52,_,28
052029.mp3,52_29.png,mp3,052029,052,029,52,_,29
052030.mp3,52_30.png,mp3,052030,052,030,52,_,30
052031.mp3,52_31.png,mp3,052031,052,031,52,_,31
052032.mp3,52_32.png,mp3,052032,052,032,52,_,32
052033.mp3,52_33.png,mp3,052033,052,033,52,_,33
052034.mp3,52_34.png,mp3,052034,052,034,52,_,34
052035.mp3,52_35.png,mp3,052035,052,035,52,_,35
052036_1.mp3,52_36.png,mp3,052036,052,036,52,_,36
052036_2.mp3,52_36.png,mp3,052036,052,036,52,_,36
052037.mp3,52_37.png,mp3,052037,052,037,52,_,37
052038_1.mp3,52_38.png,mp3,052038,052,038,52,_,38
052038_2.mp3,52_38.png,mp3,052038,052,038,52,_,38
052039.mp3,52_39.png,mp3,052039,052,039,52,_,39
052040.mp3,52_40.png,mp3,052040,052,040,52,_,40
052041.mp3,52_41.png,mp3,052041,052,041,52,_,41
052042.mp3,52_42.png,mp3,052042,052,042,52,_,42
052043.mp3,52_43.png,mp3,052043,052,043,52,_,43
052044.mp3,52_44.png,mp3,052044,052,044,52,_,44
052045.mp3,52_45.png,mp3,052045,052,045,52,_,45
052046.mp3,52_46.png,mp3,052046,052,046,52,_,46
052047.mp3,52_47.png,mp3,052047,052,047,52,_,47
052048.mp3,52_48.png,mp3,052048,052,048,52,_,48
052049.mp3,52_49.png,mp3,052049,052,049,52,_,49
053001_1.mp3,53_1.png,mp3,053001,053,001,53,_,1
053001_2.mp3,53_1.png,mp3,053001,053,001,53,_,1
053002.mp3,53_2.png,mp3,053002,053,002,53,_,2
053003.mp3,53_3.png,mp3,053003,053,003,53,_,3
053004.mp3,53_4.png,mp3,053004,053,004,53,_,4
053005.mp3,53_5.png,mp3,053005,053,005,53,_,5
053006.mp3,53_6.png,mp3,053006,053,006,53,_,6
053007.mp3,53_7.png,mp3,053007,053,007,53,_,7
053008.mp3,53_8.png,mp3,053008,053,008,53,_,8
053009.mp3,53_9.png,mp3,053009,053,009,53,_,9
053010.mp3,53_10.png,mp3,053010,053,010,53,_,10
053011.mp3,53_11.png,mp3,053011,053,011,53,_,11
053012.mp3,53_12.png,mp3,053012,053,012,53,_,12
053013.mp3,53_13.png,mp3,053013,053,013,53,_,13
053014.mp3,53_14.png,mp3,053014,053,014,53,_,14
053015.mp3,53_15.png,mp3,053015,053,015,53,_,15
053016.mp3,53_16.png,mp3,053016,053,016,53,_,16
053017.mp3,53_17.png,mp3,053017,053,017,53,_,17
053018.mp3,53_18.png,mp3,053018,053,018,53,_,18
053019.mp3,53_19.png,mp3,053019,053,019,53,_,19
053020.mp3,53_20.png,mp3,053020,053,020,53,_,20
053021.mp3,53_21.png,mp3,053021,053,021,53,_,21
053022.mp3,53_22.png,mp3,053022,053,022,53,_,22
053023_1.mp3,53_23.png,mp3,053023,053,023,53,_,23
053023_2.mp3,53_23.png,mp3,053023,053,023,53,_,23
053023_3.mp3,53_23.png,mp3,053023,053,023,53,_,23
053024.mp3,53_24.png,mp3,053024,053,024,53,_,24
053025.mp3,53_25.png,mp3,053025,053,025,53,_,25
053026.mp3,53_26.png,mp3,053026,053,026,53,_,26
053027.mp3,53_27.png,mp3,053027,053,027,53,_,27
053028_1.mp3,53_28.png,mp3,053028,053,028,53,_,28
053028_2.mp3,53_28.png,mp3,053028,053,028,53,_,28
053029.mp3,53_29.png,mp3,053029,053,029,53,_,29
053030_1.mp3,53_30.png,mp3,053030,053,030,53,_,30
053030_2.mp3,53_30.png,mp3,053030,053,030,53,_,30
053031.mp3,53_31.png,mp3,053031,053,031,53,_,31
053032_1.mp3,53_32.png,mp3,053032,053,032,53,_,32
053032_2.mp3,53_32.png,mp3,053032,053,032,53,_,32
053032_3.mp3,53_32.png,mp3,053032,053,032,53,_,32
053032_4.mp3,53_32.png,mp3,053032,053,032,53,_,32
053032_5.mp3,53_32.png,mp3,053032,053,032,53,_,32
053033.mp3,53_33.png,mp3,053033,053,033,53,_,33
053034.mp3,53_34.png,mp3,053034,053,034,53,_,34
053035.mp3,53_35.png,mp3,053035,053,035,53,_,35
053036.mp3,53_36.png,mp3,053036,053,036,53,_,36
053037.mp3,53_37.png,mp3,053037,053,037,53,_,37
053038.mp3,53_38.png,mp3,053038,053,038,53,_,38
053039.mp3,53_39.png,mp3,053039,053,039,53,_,39
053040.mp3,53_40.png,mp3,053040,053,040,53,_,40
053041.mp3,53_41.png,mp3,053041,053,041,53,_,41
053042.mp3,53_42.png,mp3,053042,053,042,53,_,42
053043.mp3,53_43.png,mp3,053043,053,043,53,_,43
053044.mp3,53_44.png,mp3,053044,053,044,53,_,44
053045.mp3,53_45.png,mp3,053045,053,045,53,_,45
053046.mp3,53_46.png,mp3,053046,053,046,53,_,46
053047.mp3,53_47.png,mp3,053047,053,047,53,_,47
053048.mp3,53_48.png,mp3,053048,053,048,53,_,48
053049.mp3,53_49.png,mp3,053049,053,049,53,_,49
053050.mp3,53_50.png,mp3,053050,053,050,53,_,50
053051.mp3,53_51.png,mp3,053051,053,051,53,_,51
053052.mp3,53_52.png,mp3,053052,053,052,53,_,52
053053.mp3,53_53.png,mp3,053053,053,053,53,_,53
053054.mp3,53_54.png,mp3,053054,053,054,53,_,54
053055.mp3,53_55.png,mp3,053055,053,055,53,_,55
053056.mp3,53_56.png,mp3,053056,053,056,53,_,56
053057.mp3,53_57.png,mp3,053057,053,057,53,_,57
053058.mp3,53_58.png,mp3,053058,053,058,53,_,58
053059.mp3,53_59.png,mp3,053059,053,059,53,_,59
053060.mp3,53_60.png,mp3,053060,053,060,53,_,60
053061.mp3,53_61.png,mp3,053061,053,061,53,_,61
053062.mp3,53_62.png,mp3,053062,053,062,53,_,62
054001_1.mp3,54_1.png,mp3,054001,054,001,54,_,1
054001_2.mp3,54_1.png,mp3,054001,054,001,54,_,1
054002.mp3,54_2.png,mp3,054002,054,002,54,_,2
054003_1.mp3,54_3.png,mp3,054003,054,003,54,_,3
054003_2.mp3,54_3.png,mp3,054003,054,003,54,_,3
054004.mp3,54_4.png,mp3,054004,054,004,54,_,4
054005_1.mp3,54_5.png,mp3,054005,054,005,54,_,5
054005_2.mp3,54_5.png,mp3,054005,054,005,54,_,5
054006_1.mp3,54_6.png,mp3,054006,054,006,54,_,6
054006_2.mp3,54_6.png,mp3,054006,054,006,54,_,6
054007.mp3,54_7.png,mp3,054007,054,007,54,_,7
054008.mp3,54_8.png,mp3,054008,054,008,54,_,8
054009.mp3,54_9.png,mp3,054009,054,009,54,_,9
054010.mp3,54_10.png,mp3,054010,054,010,54,_,10
054011.mp3,54_11.png,mp3,054011,054,011,54,_,11
054012.mp3,54_12.png,mp3,054012,054,012,54,_,12
054013.mp3,54_13.png,mp3,054013,054,013,54,_,13
054014.mp3,54_14.png,mp3,054014,054,014,54,_,14
054015_1.mp3,54_15.png,mp3,054015,054,015,54,_,15
054015_2.mp3,54_15.png,mp3,054015,054,015,54,_,15
054016.mp3,54_16.png,mp3,054016,054,016,54,_,16
054017_1.mp3,54_17.png,mp3,054017,054,017,54,_,17
054017_2.mp3,54_17.png,mp3,054017,054,017,54,_,17
054018.mp3,54_18.png,mp3,054018,054,018,54,_,18
054019.mp3,54_19.png,mp3,054019,054,019,54,_,19
054020.mp3,54_20.png,mp3,054020,054,020,54,_,20
054021.mp3,54_21.png,mp3,054021,054,021,54,_,21
054022_1.mp3,54_22.png,mp3,054022,054,022,54,_,22
054022_2.mp3,54_22.png,mp3,054022,054,022,54,_,22
054023.mp3,54_23.png,mp3,054023,054,023,54,_,23
054024.mp3,54_24.png,mp3,054024,054,024,54,_,24
054025.mp3,54_25.png,mp3,054025,054,025,54,_,25
054026.mp3,54_26.png,mp3,054026,054,026,54,_,26
054027.mp3,54_27.png,mp3,054027,054,027,54,_,27
054028_1.mp3,54_28.png,mp3,054028,054,028,54,_,28
054028_2.mp3,54_28.png,mp3,054028,054,028,54,_,28
054029.mp3,54_29.png,mp3,054029,054,029,54,_,29
054030.mp3,54_30.png,mp3,054030,054,030,54,_,30
054031.mp3,54_31.png,mp3,054031,054,031,54,_,31
054032_1.mp3,54_32.png,mp3,054032,054,032,54,_,32
054032_2.mp3,54_32.png,mp3,054032,054,032,54,_,32
054033.mp3,54_33.png,mp3,054033,054,033,54,_,33
054034_1.mp3,54_34.png,mp3,054034,054,034,54,_,34
054034_2.mp3,54_34.png,mp3,054034,054,034,54,_,34
054035.mp3,54_35.png,mp3,054035,054,035,54,_,35
054036.mp3,54_36.png,mp3,054036,054,036,54,_,36
054037.mp3,54_37.png,mp3,054037,054,037,54,_,37
054038.mp3,54_38.png,mp3,054038,054,038,54,_,38
054039.mp3,54_39.png,mp3,054039,054,039,54,_,39
054040_1.mp3,54_40.png,mp3,054040,054,040,54,_,40
054040_2.mp3,54_40.png,mp3,054040,054,040,54,_,40
054041.mp3,54_41.png,mp3,054041,054,041,54,_,41
054042.mp3,54_42.png,mp3,054042,054,042,54,_,42
054043.mp3,54_43.png,mp3,054043,054,043,54,_,43
054044.mp3,54_44.png,mp3,054044,054,044,54,_,44
054045.mp3,54_45.png,mp3,054045,054,045,54,_,45
054046.mp3,54_46.png,mp3,054046,054,046,54,_,46
054047.mp3,54_47.png,mp3,054047,054,047,54,_,47
054048.mp3,54_48.png,mp3,054048,054,048,54,_,48
054049.mp3,54_49.png,mp3,054049,054,049,54,_,49
054050.mp3,54_50.png,mp3,054050,054,050,54,_,50
054051_1.mp3,54_51.png,mp3,054051,054,051,54,_,51
054051_2.mp3,54_51.png,mp3,054051,054,051,54,_,51
054052.mp3,54_52.png,mp3,054052,054,052,54,_,52
054053.mp3,54_53.png,mp3,054053,054,053,54,_,53
054054.mp3,54_54.png,mp3,054054,054,054,54,_,54
054055.mp3,54_55.png,mp3,054055,054,055,54,_,55
055001_1.mp3,55_1.png,mp3,055001,055,001,55,_,1
055001_2.mp3,55_1.png,mp3,055001,055,001,55,_,1
055002.mp3,55_2.png,mp3,055002,055,002,55,_,2
055003.mp3,55_3.png,mp3,055003,055,003,55,_,3
055004.mp3,55_4.png,mp3,055004,055,004,55,_,4
055005.mp3,55_5.png,mp3,055005,055,005,55,_,5
055006.mp3,55_6.png,mp3,055006,055,006,55,_,6
055007.mp3,55_7.png,mp3,055007,055,007,55,_,7
055008.mp3,55_8.png,mp3,055008,055,008,55,_,8
055009.mp3,55_9.png,mp3,055009,055,009,55,_,9
055010.mp3,55_10.png,mp3,055010,055,010,55,_,10
055011.mp3,55_11.png,mp3,055011,055,011,55,_,11
055012.mp3,55_12.png,mp3,055012,055,012,55,_,12
055013.mp3,55_13.png,mp3,055013,055,013,55,_,13
055014.mp3,55_14.png,mp3,055014,055,014,55,_,14
055015.mp3,55_15.png,mp3,055015,055,015,55,_,15
055016.mp3,55_16.png,mp3,055016,055,016,55,_,16
055017.mp3,55_17.png,mp3,055017,055,017,55,_,17
055018.mp3,55_18.png,mp3,055018,055,018,55,_,18
055019.mp3,55_19.png,mp3,055019,055,019,55,_,19
055020.mp3,55_20.png,mp3,055020,055,020,55,_,20
055021.mp3,55_21.png,mp3,055021,055,021,55,_,21
055022.mp3,55_22.png,mp3,055022,055,022,55,_,22
055023.mp3,55_23.png,mp3,055023,055,023,55,_,23
055024.mp3,55_24.png,mp3,055024,055,024,55,_,24
055025.mp3,55_25.png,mp3,055025,055,025,55,_,25
055026.mp3,55_26.png,mp3,055026,055,026,55,_,26
055027.mp3,55_27.png,mp3,055027,055,027,55,_,27
055028.mp3,55_28.png,mp3,055028,055,028,55,_,28
055029_1.mp3,55_29.png,mp3,055029,055,029,55,_,29
055029_2.mp3,55_29.png,mp3,055029,055,029,55,_,29
055030.mp3,55_30.png,mp3,055030,055,030,55,_,30
055031.mp3,55_31.png,mp3,055031,055,031,55,_,31
055032.mp3,55_32.png,mp3,055032,055,032,55,_,32
055033_1.mp3,55_33.png,mp3,055033,055,033,55,_,33
055033_2.mp3,55_33.png,mp3,055033,055,033,55,_,33
055034.mp3,55_34.png,mp3,055034,055,034,55,_,34
055035.mp3,55_35.png,mp3,055035,055,035,55,_,35
055036.mp3,55_36.png,mp3,055036,055,036,55,_,36
055037.mp3,55_37.png,mp3,055037,055,037,55,_,37
055038.mp3,55_38.png,mp3,055038,055,038,55,_,38
055039.mp3,55_39.png,mp3,055039,055,039,55,_,39
055040.mp3,55_40.png,mp3,055040,055,040,55,_,40
055041.mp3,55_41.png,mp3,055041,055,041,55,_,41
055042.mp3,55_42.png,mp3,055042,055,042,55,_,42
055043.mp3,55_43.png,mp3,055043,055,043,55,_,43
055044.mp3,55_44.png,mp3,055044,055,044,55,_,44
055045.mp3,55_45.png,mp3,055045,055,045,55,_,45
055046.mp3,55_46.png,mp3,055046,055,046,55,_,46
055047.mp3,55_47.png,mp3,055047,055,047,55,_,47
055048.mp3,55_48.png,mp3,055048,055,048,55,_,48
055049.mp3,55_49.png,mp3,055049,055,049,55,_,49
055050.mp3,55_50.png,mp3,055050,055,050,55,_,50
055051.mp3,55_51.png,mp3,055051,055,051,55,_,51
055052.mp3,55_52.png,mp3,055052,055,052,55,_,52
055053.mp3,55_53.png,mp3,055053,055,053,55,_,53
055054_1.mp3,55_54.png,mp3,055054,055,054,55,_,54
055054_2.mp3,55_54.png,mp3,055054,055,054,55,_,54
055055.mp3,55_55.png,mp3,055055,055,055,55,_,55
055056.mp3,55_56.png,mp3,055056,055,056,55,_,56
055057.mp3,55_57.png,mp3,055057,055,057,55,_,57
055058.mp3,55_58.png,mp3,055058,055,058,55,_,58
055059.mp3,55_59.png,mp3,055059,055,059,55,_,59
055060.mp3,55_60.png,mp3,055060,055,060,55,_,60
055061.mp3,55_61.png,mp3,055061,055,061,55,_,61
055062.mp3,55_62.png,mp3,055062,055,062,55,_,62
055063.mp3,55_63.png,mp3,055063,055,063,55,_,63
055064.mp3,55_64.png,mp3,055064,055,064,55,_,64
055065.mp3,55_65.png,mp3,055065,055,065,55,_,65
055066.mp3,55_66.png,mp3,055066,055,066,55,_,66
055067.mp3,55_67.png,mp3,055067,055,067,55,_,67
055068.mp3,55_68.png,mp3,055068,055,068,55,_,68
055069.mp3,55_69.png,mp3,055069,055,069,55,_,69
055070.mp3,55_70.png,mp3,055070,055,070,55,_,70
055071.mp3,55_71.png,mp3,055071,055,071,55,_,71
055072.mp3,55_72.png,mp3,055072,055,072,55,_,72
055073.mp3,55_73.png,mp3,055073,055,073,55,_,73
055074.mp3,55_74.png,mp3,055074,055,074,55,_,74
055075.mp3,55_75.png,mp3,055075,055,075,55,_,75
055076.mp3,55_76.png,mp3,055076,055,076,55,_,76
055077.mp3,55_77.png,mp3,055077,055,077,55,_,77
055078.mp3,55_78.png,mp3,055078,055,078,55,_,78
056001_1.mp3,56_1.png,mp3,056001,056,001,56,_,1
056001_2.mp3,56_1.png,mp3,056001,056,001,56,_,1
056002.mp3,56_2.png,mp3,056002,056,002,56,_,2
056003.mp3,56_3.png,mp3,056003,056,003,56,_,3
056004.mp3,56_4.png,mp3,056004,056,004,56,_,4
056005.mp3,56_5.png,mp3,056005,056,005,56,_,5
056006.mp3,56_6.png,mp3,056006,056,006,56,_,6
056007.mp3,56_7.png,mp3,056007,056,007,56,_,7
056008.mp3,56_8.png,mp3,056008,056,008,56,_,8
056009.mp3,56_9.png,mp3,056009,056,009,56,_,9
056010.mp3,56_10.png,mp3,056010,056,010,56,_,10
056011.mp3,56_11.png,mp3,056011,056,011,56,_,11
056012.mp3,56_12.png,mp3,056012,056,012,56,_,12
056013.mp3,56_13.png,mp3,056013,056,013,56,_,13
056014.mp3,56_14.png,mp3,056014,056,014,56,_,14
056015.mp3,56_15.png,mp3,056015,056,015,56,_,15
056016.mp3,56_16.png,mp3,056016,056,016,56,_,16
056017.mp3,56_17.png,mp3,056017,056,017,56,_,17
056018.mp3,56_18.png,mp3,056018,056,018,56,_,18
056019.mp3,56_19.png,mp3,056019,056,019,56,_,19
056020.mp3,56_20.png,mp3,056020,056,020,56,_,20
056021.mp3,56_21.png,mp3,056021,056,021,56,_,21
056022.mp3,56_22.png,mp3,056022,056,022,56,_,22
056023.mp3,56_23.png,mp3,056023,056,023,56,_,23
056024.mp3,56_24.png,mp3,056024,056,024,56,_,24
056025.mp3,56_25.png,mp3,056025,056,025,56,_,25
056026.mp3,56_26.png,mp3,056026,056,026,56,_,26
056027.mp3,56_27.png,mp3,056027,056,027,56,_,27
056028.mp3,56_28.png,mp3,056028,056,028,56,_,28
056029.mp3,56_29.png,mp3,056029,056,029,56,_,29
056030.mp3,56_30.png,mp3,056030,056,030,56,_,30
056031.mp3,56_31.png,mp3,056031,056,031,56,_,31
056032.mp3,56_32.png,mp3,056032,056,032,56,_,32
056033.mp3,56_33.png,mp3,056033,056,033,56,_,33
056034.mp3,56_34.png,mp3,056034,056,034,56,_,34
056035.mp3,56_35.png,mp3,056035,056,035,56,_,35
056036.mp3,56_36.png,mp3,056036,056,036,56,_,36
056037.mp3,56_37.png,mp3,056037,056,037,56,_,37
056038.mp3,56_38.png,mp3,056038,056,038,56,_,38
056039.mp3,56_39.png,mp3,056039,056,039,56,_,39
056040.mp3,56_40.png,mp3,056040,056,040,56,_,40
056041.mp3,56_41.png,mp3,056041,056,041,56,_,41
056042.mp3,56_42.png,mp3,056042,056,042,56,_,42
056043.mp3,56_43.png,mp3,056043,056,043,56,_,43
056044.mp3,56_44.png,mp3,056044,056,044,56,_,44
056045.mp3,56_45.png,mp3,056045,056,045,56,_,45
056046.mp3,56_46.png,mp3,056046,056,046,56,_,46
056047.mp3,56_47.png,mp3,056047,056,047,56,_,47
056048.mp3,56_48.png,mp3,056048,056,048,56,_,48
056049.mp3,56_49.png,mp3,056049,056,049,56,_,49
056050.mp3,56_50.png,mp3,056050,056,050,56,_,50
056051.mp3,56_51.png,mp3,056051,056,051,56,_,51
056052.mp3,56_52.png,mp3,056052,056,052,56,_,52
056053.mp3,56_53.png,mp3,056053,056,053,56,_,53
056054.mp3,56_54.png,mp3,056054,056,054,56,_,54
056055.mp3,56_55.png,mp3,056055,056,055,56,_,55
056056.mp3,56_56.png,mp3,056056,056,056,56,_,56
056057.mp3,56_57.png,mp3,056057,056,057,56,_,57
056058.mp3,56_58.png,mp3,056058,056,058,56,_,58
056059.mp3,56_59.png,mp3,056059,056,059,56,_,59
056060.mp3,56_60.png,mp3,056060,056,060,56,_,60
056061.mp3,56_61.png,mp3,056061,056,061,56,_,61
056062.mp3,56_62.png,mp3,056062,056,062,56,_,62
056063.mp3,56_63.png,mp3,056063,056,063,56,_,63
056064.mp3,56_64.png,mp3,056064,056,064,56,_,64
056065.mp3,56_65.png,mp3,056065,056,065,56,_,65
056066.mp3,56_66.png,mp3,056066,056,066,56,_,66
056067.mp3,56_67.png,mp3,056067,056,067,56,_,67
056068.mp3,56_68.png,mp3,056068,056,068,56,_,68
056069.mp3,56_69.png,mp3,056069,056,069,56,_,69
056070.mp3,56_70.png,mp3,056070,056,070,56,_,70
056071.mp3,56_71.png,mp3,056071,056,071,56,_,71
056072.mp3,56_72.png,mp3,056072,056,072,56,_,72
056073.mp3,56_73.png,mp3,056073,056,073,56,_,73
056074.mp3,56_74.png,mp3,056074,056,074,56,_,74
056075.mp3,56_75.png,mp3,056075,056,075,56,_,75
056076.mp3,56_76.png,mp3,056076,056,076,56,_,76
056077.mp3,56_77.png,mp3,056077,056,077,56,_,77
056078.mp3,56_78.png,mp3,056078,056,078,56,_,78
056079.mp3,56_79.png,mp3,056079,056,079,56,_,79
056080.mp3,56_80.png,mp3,056080,056,080,56,_,80
056081.mp3,56_81.png,mp3,056081,056,081,56,_,81
056082.mp3,56_82.png,mp3,056082,056,082,56,_,82
056083.mp3,56_83.png,mp3,056083,056,083,56,_,83
056084.mp3,56_84.png,mp3,056084,056,084,56,_,84
056085.mp3,56_85.png,mp3,056085,056,085,56,_,85
056086.mp3,56_86.png,mp3,056086,056,086,56,_,86
056087.mp3,56_87.png,mp3,056087,056,087,56,_,87
056088.mp3,56_88.png,mp3,056088,056,088,56,_,88
056089.mp3,56_89.png,mp3,056089,056,089,56,_,89
056090.mp3,56_90.png,mp3,056090,056,090,56,_,90
056091.mp3,56_91.png,mp3,056091,056,091,56,_,91
056092.mp3,56_92.png,mp3,056092,056,092,56,_,92
056093.mp3,56_93.png,mp3,056093,056,093,56,_,93
056094.mp3,56_94.png,mp3,056094,056,094,56,_,94
056095.mp3,56_95.png,mp3,056095,056,095,56,_,95
056096.mp3,56_96.png,mp3,056096,056,096,56,_,96
057001_1.mp3,57_1.png,mp3,057001,057,001,57,_,1
057001_2.mp3,57_1.png,mp3,057001,057,001,57,_,1
057001_3.mp3,57_1.png,mp3,057001,057,001,57,_,1
057002_1.mp3,57_2.png,mp3,057002,057,002,57,_,2
057002_2.mp3,57_2.png,mp3,057002,057,002,57,_,2
057002_3.mp3,57_2.png,mp3,057002,057,002,57,_,2
057003_1.mp3,57_3.png,mp3,057003,057,003,57,_,3
057003_2.mp3,57_3.png,mp3,057003,057,003,57,_,3
057004_1.mp3,57_4.png,mp3,057004,057,004,57,_,4
057004_2.mp3,57_4.png,mp3,057004,057,004,57,_,4
057004_3.mp3,57_4.png,mp3,057004,057,004,57,_,4
057004_4.mp3,57_4.png,mp3,057004,057,004,57,_,4
057005_1.mp3,57_5.png,mp3,057005,057,005,57,_,5
057005_2.mp3,57_5.png,mp3,057005,057,005,57,_,5
057006_1.mp3,57_6.png,mp3,057006,057,006,57,_,6
057006_2.mp3,57_6.png,mp3,057006,057,006,57,_,6
057007_1.mp3,57_7.png,mp3,057007,057,007,57,_,7
057007_2.mp3,57_7.png,mp3,057007,057,007,57,_,7
057008.mp3,57_8.png,mp3,057008,057,008,57,_,8
057009_1.mp3,57_9.png,mp3,057009,057,009,57,_,9
057009_2.mp3,57_9.png,mp3,057009,057,009,57,_,9
057010_1.mp3,57_10.png,mp3,057010,057,010,57,_,10
057010_2.mp3,57_10.png,mp3,057010,057,010,57,_,10
057010_3.mp3,57_10.png,mp3,057010,057,010,57,_,10
057010_4.mp3,57_10.png,mp3,057010,057,010,57,_,10
057010_5.mp3,57_10.png,mp3,057010,057,010,57,_,10
057011.mp3,57_11.png,mp3,057011,057,011,57,_,11
057012_1.mp3,57_12.png,mp3,057012,057,012,57,_,12
057012_2.mp3,57_12.png,mp3,057012,057,012,57,_,12
057012_3.mp3,57_12.png,mp3,057012,057,012,57,_,12
057013_1.mp3,57_13.png,mp3,057013,057,013,57,_,13
057013_2.mp3,57_13.png,mp3,057013,057,013,57,_,13
057013_3.mp3,57_13.png,mp3,057013,057,013,57,_,13
057014_1.mp3,57_14.png,mp3,057014,057,014,57,_,14
057014_2.mp3,57_14.png,mp3,057014,057,014,57,_,14
057015_1.mp3,57_15.png,mp3,057015,057,015,57,_,15
057015_2.mp3,57_15.png,mp3,057015,057,015,57,_,15
057015_3.mp3,57_15.png,mp3,057015,057,015,57,_,15
057016_1.mp3,57_16.png,mp3,057016,057,016,57,_,16
057016_2.mp3,57_16.png,mp3,057016,057,016,57,_,16
057016_3.mp3,57_16.png,mp3,057016,057,016,57,_,16
057017_1.mp3,57_17.png,mp3,057017,057,017,57,_,17
057017_2.mp3,57_17.png,mp3,057017,057,017,57,_,17
057018.mp3,57_18.png,mp3,057018,057,018,57,_,18
057019_1.mp3,57_19.png,mp3,057019,057,019,57,_,19
057019_2.mp3,57_19.png,mp3,057019,057,019,57,_,19
057019_3.mp3,57_19.png,mp3,057019,057,019,57,_,19
057020_1.mp3,57_20.png,mp3,057020,057,020,57,_,20
057020_2.mp3,57_20.png,mp3,057020,057,020,57,_,20
057020_3.mp3,57_20.png,mp3,057020,057,020,57,_,20
057020_4.mp3,57_20.png,mp3,057020,057,020,57,_,20
057020_5.mp3,57_20.png,mp3,057020,057,020,57,_,20
057021_1.mp3,57_21.png,mp3,057021,057,021,57,_,21
057021_2.mp3,57_21.png,mp3,057021,057,021,57,_,21
057021_3.mp3,57_21.png,mp3,057021,057,021,57,_,21
057022_1.mp3,57_22.png,mp3,057022,057,022,57,_,22
057022_2.mp3,57_22.png,mp3,057022,057,022,57,_,22
057023_1.mp3,57_23.png,mp3,057023,057,023,57,_,23
057023_2.mp3,57_23.png,mp3,057023,057,023,57,_,23
057024_1.mp3,57_24.png,mp3,057024,057,024,57,_,24
057024_2.mp3,57_24.png,mp3,057024,057,024,57,_,24
057025_1.mp3,57_25.png,mp3,057025,057,025,57,_,25
057025_2.mp3,57_25.png,mp3,057025,057,025,57,_,25
057025_3.mp3,57_25.png,mp3,057025,057,025,57,_,25
057026_1.mp3,57_26.png,mp3,057026,057,026,57,_,26
057026_2.mp3,57_26.png,mp3,057026,057,026,57,_,26
057026_3.mp3,57_26.png,mp3,057026,057,026,57,_,26
057027_1.mp3,57_27.png,mp3,057027,057,027,57,_,27
057027_2.mp3,57_27.png,mp3,057027,057,027,57,_,27
057027_3.mp3,57_27.png,mp3,057027,057,027,57,_,27
057027_4.mp3,57_27.png,mp3,057027,057,027,57,_,27
057027_5.mp3,57_27.png,mp3,057027,057,027,57,_,27
057028_1.mp3,57_28.png,mp3,057028,057,028,57,_,28
057028_2.mp3,57_28.png,mp3,057028,057,028,57,_,28
057028_3.mp3,57_28.png,mp3,057028,057,028,57,_,28
057029.mp3,57_29.png,mp3,057029,057,029,57,_,29
058001_1.mp3,58_1.png,mp3,058001,058,001,58,_,1
058001_2.mp3,58_1.png,mp3,058001,058,001,58,_,1
058001_3.mp3,58_1.png,mp3,058001,058,001,58,_,1
058002_1.mp3,58_2.png,mp3,058002,058,002,58,_,2
058002_2.mp3,58_2.png,mp3,058002,058,002,58,_,2
058003_1.mp3,58_3.png,mp3,058003,058,003,58,_,3
058003_2.mp3,58_3.png,mp3,058003,058,003,58,_,3
058003_3.mp3,58_3.png,mp3,058003,058,003,58,_,3
058004_1.mp3,58_4.png,mp3,058004,058,004,58,_,4
058004_2.mp3,58_4.png,mp3,058004,058,004,58,_,4
058005_1.mp3,58_5.png,mp3,058005,058,005,58,_,5
058005_2.mp3,58_5.png,mp3,058005,058,005,58,_,5
058006_1.mp3,58_6.png,mp3,058006,058,006,58,_,6
058006_2.mp3,58_6.png,mp3,058006,058,006,58,_,6
058007_1.mp3,58_7.png,mp3,058007,058,007,58,_,7
058007_2.mp3,58_7.png,mp3,058007,058,007,58,_,7
058007_3.mp3,58_7.png,mp3,058007,058,007,58,_,7
058007_4.mp3,58_7.png,mp3,058007,058,007,58,_,7
058008_1.mp3,58_8.png,mp3,058008,058,008,58,_,8
058008_2.mp3,58_8.png,mp3,058008,058,008,58,_,8
058008_3.mp3,58_8.png,mp3,058008,058,008,58,_,8
058009_1.mp3,58_9.png,mp3,058009,058,009,58,_,9
058009_2.mp3,58_9.png,mp3,058009,058,009,58,_,9
058010.mp3,58_10.png,mp3,058010,058,010,58,_,10
058011_1.mp3,58_11.png,mp3,058011,058,011,58,_,11
058011_2.mp3,58_11.png,mp3,058011,058,011,58,_,11
058011_3.mp3,58_11.png,mp3,058011,058,011,58,_,11
058012_1.mp3,58_12.png,mp3,058012,058,012,58,_,12
058012_2.mp3,58_12.png,mp3,058012,058,012,58,_,12
058013_1.mp3,58_13.png,mp3,058013,058,013,58,_,13
058013_2.mp3,58_13.png,mp3,058013,058,013,58,_,13
058014.mp3,58_14.png,mp3,058014,058,014,58,_,14
058015_1.mp3,58_15.png,mp3,058015,058,015,58,_,15
058015_2.mp3,58_15.png,mp3,058015,058,015,58,_,15
058016.mp3,58_16.png,mp3,058016,058,016,58,_,16
058017_1.mp3,58_17.png,mp3,058017,058,017,58,_,17
058017_2.mp3,58_17.png,mp3,058017,058,017,58,_,17
058018_1.mp3,58_18.png,mp3,058018,058,018,58,_,18
058018_2.mp3,58_18.png,mp3,058018,058,018,58,_,18
058019_1.mp3,58_19.png,mp3,058019,058,019,58,_,19
058019_2.mp3,58_19.png,mp3,058019,058,019,58,_,19
058020.mp3,58_20.png,mp3,058020,058,020,58,_,20
058021_1.mp3,58_21.png,mp3,058021,058,021,58,_,21
058021_2.mp3,58_21.png,mp3,058021,058,021,58,_,21
058022_1.mp3,58_22.png,mp3,058022,058,022,58,_,22
058022_2.mp3,58_22.png,mp3,058022,058,022,58,_,22
058022_3.mp3,58_22.png,mp3,058022,058,022,58,_,22
058022_4.mp3,58_22.png,mp3,058022,058,022,58,_,22
058022_5.mp3,58_22.png,mp3,058022,058,022,58,_,22
058022_6.mp3,58_22.png,mp3,058022,058,022,58,_,22
058022_7.mp3,58_22.png,mp3,058022,058,022,58,_,22
059001_1.mp3,59_1.png,mp3,059001,059,001,59,_,1
059001_2.mp3,59_1.png,mp3,059001,059,001,59,_,1
059001_3.mp3,59_1.png,mp3,059001,059,001,59,_,1
059002_1.mp3,59_2.png,mp3,059002,059,002,59,_,2
059002_2.mp3,59_2.png,mp3,059002,059,002,59,_,2
059002_3.mp3,59_2.png,mp3,059002,059,002,59,_,2
059002_4.mp3,59_2.png,mp3,059002,059,002,59,_,2
059002_5.mp3,59_2.png,mp3,059002,059,002,59,_,2
059002_6.mp3,59_2.png,mp3,059002,059,002,59,_,2
059003.mp3,59_3.png,mp3,059003,059,003,59,_,3
059004.mp3,59_4.png,mp3,059004,059,004,59,_,4
059005.mp3,59_5.png,mp3,059005,059,005,59,_,5
059006_1.mp3,59_6.png,mp3,059006,059,006,59,_,6
059006_2.mp3,59_6.png,mp3,059006,059,006,59,_,6
059006_3.mp3,59_6.png,mp3,059006,059,006,59,_,6
059007_1.mp3,59_7.png,mp3,059007,059,007,59,_,7
059007_2.mp3,59_7.png,mp3,059007,059,007,59,_,7
059007_3.mp3,59_7.png,mp3,059007,059,007,59,_,7
059007_4.mp3,59_7.png,mp3,059007,059,007,59,_,7
059008_1.mp3,59_8.png,mp3,059008,059,008,59,_,8
059008_2.mp3,59_8.png,mp3,059008,059,008,59,_,8
059008_3.mp3,59_8.png,mp3,059008,059,008,59,_,8
059009_1.mp3,59_9.png,mp3,059009,059,009,59,_,9
059009_2.mp3,59_9.png,mp3,059009,059,009,59,_,9
059009_3.mp3,59_9.png,mp3,059009,059,009,59,_,9
059010_1.mp3,59_10.png,mp3,059010,059,010,59,_,10
059010_2.mp3,59_10.png,mp3,059010,059,010,59,_,10
059011_1.mp3,59_11.png,mp3,059011,059,011,59,_,11
059011_2.mp3,59_11.png,mp3,059011,059,011,59,_,11
059012.mp3,59_12.png,mp3,059012,059,012,59,_,12
059013_1.mp3,59_13.png,mp3,059013,059,013,59,_,13
059013_2.mp3,59_13.png,mp3,059013,059,013,59,_,13
059014_1.mp3,59_14.png,mp3,059014,059,014,59,_,14
059014_2.mp3,59_14.png,mp3,059014,059,014,59,_,14
059014_3.mp3,59_14.png,mp3,059014,059,014,59,_,14
059015_1.mp3,59_15.png,mp3,059015,059,015,59,_,15
059015_2.mp3,59_15.png,mp3,059015,059,015,59,_,15
059016_1.mp3,59_16.png,mp3,059016,059,016,59,_,16
059016_2.mp3,59_16.png,mp3,059016,059,016,59,_,16
059017_1.mp3,59_17.png,mp3,059017,059,017,59,_,17
059017_2.mp3,59_17.png,mp3,059017,059,017,59,_,17
059018.mp3,59_18.png,mp3,059018,059,018,59,_,18
059019_1.mp3,59_19.png,mp3,059019,059,019,59,_,19
059019_2.mp3,59_19.png,mp3,059019,059,019,59,_,19
059020_1.mp3,59_20.png,mp3,059020,059,020,59,_,20
059020_2.mp3,59_20.png,mp3,059020,059,020,59,_,20
059021_1.mp3,59_21.png,mp3,059021,059,021,59,_,21
059021_2.mp3,59_21.png,mp3,059021,059,021,59,_,21
059022_1.mp3,59_22.png,mp3,059022,059,022,59,_,22
059022_2.mp3,59_22.png,mp3,059022,059,022,59,_,22
059023_1.mp3,59_23.png,mp3,059023,059,023,59,_,23
059023_2.mp3,59_23.png,mp3,059023,059,023,59,_,23
059024_1.mp3,59_24.png,mp3,059024,059,024,59,_,24
059024_2.mp3,59_24.png,mp3,059024,059,024,59,_,24
060001_1.mp3,60_1.png,mp3,060001,060,001,60,_,1
060001_2.mp3,60_1.png,mp3,060001,060,001,60,_,1
060001_3.mp3,60_1.png,mp3,060001,060,001,60,_,1
060001_4.mp3,60_1.png,mp3,060001,060,001,60,_,1
060001_5.mp3,60_1.png,mp3,060001,060,001,60,_,1
060001_6.mp3,60_1.png,mp3,060001,060,001,60,_,1
060002_1.mp3,60_2.png,mp3,060002,060,002,60,_,2
060002_2.mp3,60_2.png,mp3,060002,060,002,60,_,2
060003.mp3,60_3.png,mp3,060003,060,003,60,_,3
060004_1.mp3,60_4.png,mp3,060004,060,004,60,_,4
060004_2.mp3,60_4.png,mp3,060004,060,004,60,_,4
060004_3.mp3,60_4.png,mp3,060004,060,004,60,_,4
060004_4.mp3,60_4.png,mp3,060004,060,004,60,_,4
060004_5.mp3,60_4.png,mp3,060004,060,004,60,_,4
060004_6.mp3,60_4.png,mp3,060004,060,004,60,_,4
060005.mp3,60_5.png,mp3,060005,060,005,60,_,5
060006_1.mp3,60_6.png,mp3,060006,060,006,60,_,6
060006_2.mp3,60_6.png,mp3,060006,060,006,60,_,6
060007_1.mp3,60_7.png,mp3,060007,060,007,60,_,7
060007_2.mp3,60_7.png,mp3,060007,060,007,60,_,7
060007_3.mp3,60_7.png,mp3,060007,060,007,60,_,7
060008_1.mp3,60_8.png,mp3,060008,060,008,60,_,8
060008_2.mp3,60_8.png,mp3,060008,060,008,60,_,8
060009_1.mp3,60_9.png,mp3,060009,060,009,60,_,9
060009_2.mp3,60_9.png,mp3,060009,060,009,60,_,9
060010_1.mp3,60_10.png,mp3,060010,060,010,60,_,10
060010_2.mp3,60_10.png,mp3,060010,060,010,60,_,10
060010_3.mp3,60_10.png,mp3,060010,060,010,60,_,10
060010_4.mp3,60_10.png,mp3,060010,060,010,60,_,10
060010_5.mp3,60_10.png,mp3,060010,060,010,60,_,10
060010_6.mp3,60_10.png,mp3,060010,060,010,60,_,10
060011_1.mp3,60_11.png,mp3,060011,060,011,60,_,11
060011_2.mp3,60_11.png,mp3,060011,060,011,60,_,11
060012_1.mp3,60_12.png,mp3,060012,060,012,60,_,12
060012_2.mp3,60_12.png,mp3,060012,060,012,60,_,12
060012_3.mp3,60_12.png,mp3,060012,060,012,60,_,12
060012_4.mp3,60_12.png,mp3,060012,060,012,60,_,12
060012_5.mp3,60_12.png,mp3,060012,060,012,60,_,12
060013_1.mp3,60_13.png,mp3,060013,060,013,60,_,13
060013_2.mp3,60_13.png,mp3,060013,060,013,60,_,13
061001_1.mp3,61_1.png,mp3,061001,061,001,61,_,1
061001_2.mp3,61_1.png,mp3,061001,061,001,61,_,1
061001_3.mp3,61_1.png,mp3,061001,061,001,61,_,1
061002.mp3,61_2.png,mp3,061002,061,002,61,_,2
061003.mp3,61_3.png,mp3,061003,061,003,61,_,3
061004.mp3,61_4.png,mp3,061004,061,004,61,_,4
061005_1.mp3,61_5.png,mp3,061005,061,005,61,_,5
061005_2.mp3,61_5.png,mp3,061005,061,005,61,_,5
061005_3.mp3,61_5.png,mp3,061005,061,005,61,_,5
061006_1.mp3,61_6.png,mp3,061006,061,006,61,_,6
061006_2.mp3,61_6.png,mp3,061006,061,006,61,_,6
061006_3.mp3,61_6.png,mp3,061006,061,006,61,_,6
061007.mp3,61_7.png,mp3,061007,061,007,61,_,7
061008.mp3,61_8.png,mp3,061008,061,008,61,_,8
061009_1.mp3,61_9.png,mp3,061009,061,009,61,_,9
061009_2.mp3,61_9.png,mp3,061009,061,009,61,_,9
061010.mp3,61_10.png,mp3,061010,061,010,61,_,10
061011_1.mp3,61_11.png,mp3,061011,061,011,61,_,11
061011_2.mp3,61_11.png,mp3,061011,061,011,61,_,11
061012.mp3,61_12.png,mp3,061012,061,012,61,_,12
061013_1.mp3,61_13.png,mp3,061013,061,013,61,_,13
061013_2.mp3,61_13.png,mp3,061013,061,013,61,_,13
061014_1.mp3,61_14.png,mp3,061014,061,014,61,_,14
061014_2.mp3,61_14.png,mp3,061014,061,014,61,_,14
061014_3.mp3,61_14.png,mp3,061014,061,014,61,_,14
061014_4.mp3,61_14.png,mp3,061014,061,014,61,_,14
061014_5.mp3,61_14.png,mp3,061014,061,014,61,_,14
062001_1.mp3,62_1.png,mp3,062001,062,001,62,_,1
062001_2.mp3,62_1.png,mp3,062001,062,001,62,_,1
062002_1.mp3,62_2.png,mp3,062002,062,002,62,_,2
062002_2.mp3,62_2.png,mp3,062002,062,002,62,_,2
062003_1.mp3,62_3.png,mp3,062003,062,003,62,_,3
062003_2.mp3,62_3.png,mp3,062003,062,003,62,_,3
062004.mp3,62_4.png,mp3,062004,062,004,62,_,4
062005.mp3,62_5.png,mp3,062005,062,005,62,_,5
062006_1.mp3,62_6.png,mp3,062006,062,006,62,_,6
062006_2.mp3,62_6.png,mp3,062006,062,006,62,_,6
062007_1.mp3,62_7.png,mp3,062007,062,007,62,_,7
062007_2.mp3,62_7.png,mp3,062007,062,007,62,_,7
062008_1.mp3,62_8.png,mp3,062008,062,008,62,_,8
062008_2.mp3,62_8.png,mp3,062008,062,008,62,_,8
062009_1.mp3,62_9.png,mp3,062009,062,009,62,_,9
062009_2.mp3,62_9.png,mp3,062009,062,009,62,_,9
062010.mp3,62_10.png,mp3,062010,062,010,62,_,10
062011_1.mp3,62_11.png,mp3,062011,062,011,62,_,11
062011_2.mp3,62_11.png,mp3,062011,062,011,62,_,11
063001_1.mp3,63_1.png,mp3,063001,063,001,63,_,1
063001_2.mp3,63_1.png,mp3,063001,063,001,63,_,1
063001_3.mp3,63_1.png,mp3,063001,063,001,63,_,1
063002.mp3,63_2.png,mp3,063002,063,002,63,_,2
063003.mp3,63_3.png,mp3,063003,063,003,63,_,3
063004_1.mp3,63_4.png,mp3,063004,063,004,63,_,4
063004_2.mp3,63_4.png,mp3,063004,063,004,63,_,4
063005.mp3,63_5.png,mp3,063005,063,005,63,_,5
063006_1.mp3,63_6.png,mp3,063006,063,006,63,_,6
063006_2.mp3,63_6.png,mp3,063006,063,006,63,_,6
063007_1.mp3,63_7.png,mp3,063007,063,007,63,_,7
063007_2.mp3,63_7.png,mp3,063007,063,007,63,_,7
063008_1.mp3,63_8.png,mp3,063008,063,008,63,_,8
063008_2.mp3,63_8.png,mp3,063008,063,008,63,_,8
063009_1.mp3,63_9.png,mp3,063009,063,009,63,_,9
063009_2.mp3,63_9.png,mp3,063009,063,009,63,_,9
063010_1.mp3,63_10.png,mp3,063010,063,010,63,_,10
063010_2.mp3,63_10.png,mp3,063010,063,010,63,_,10
063011.mp3,63_11.png,mp3,063011,063,011,63,_,11
064001_1.mp3,64_1.png,mp3,064001,064,001,64,_,1
064001_2.mp3,64_1.png,mp3,064001,064,001,64,_,1
064001_3.mp3,64_1.png,mp3,064001,064,001,64,_,1
064001_4.mp3,64_1.png,mp3,064001,064,001,64,_,1
064002_1.mp3,64_2.png,mp3,064002,064,002,64,_,2
064002_2.mp3,64_2.png,mp3,064002,064,002,64,_,2
064003.mp3,64_3.png,mp3,064003,064,003,64,_,3
064004_1.mp3,64_4.png,mp3,064004,064,004,64,_,4
064004_2.mp3,64_4.png,mp3,064004,064,004,64,_,4
064005.mp3,64_5.png,mp3,064005,064,005,64,_,5
064006_1.mp3,64_6.png,mp3,064006,064,006,64,_,6
064006_2.mp3,64_6.png,mp3,064006,064,006,64,_,6
064007_1.mp3,64_7.png,mp3,064007,064,007,64,_,7
064007_2.mp3,64_7.png,mp3,064007,064,007,64,_,7
064007_3.mp3,64_7.png,mp3,064007,064,007,64,_,7
064008.mp3,64_8.png,mp3,064008,064,008,64,_,8
064009_1.mp3,64_9.png,mp3,064009,064,009,64,_,9
064009_2.mp3,64_9.png,mp3,064009,064,009,64,_,9
064009_3.mp3,64_9.png,mp3,064009,064,009,64,_,9
064009_4.mp3,64_9.png,mp3,064009,064,009,64,_,9
064010_1.mp3,64_10.png,mp3,064010,064,010,64,_,10
064010_2.mp3,64_10.png,mp3,064010,064,010,64,_,10
064011.mp3,64_11.png,mp3,064011,064,011,64,_,11
064012.mp3,64_12.png,mp3,064012,064,012,64,_,12
064013.mp3,64_13.png,mp3,064013,064,013,64,_,13
064014_1.mp3,64_14.png,mp3,064014,064,014,64,_,14
064014_2.mp3,64_14.png,mp3,064014,064,014,64,_,14
064015_1.mp3,64_15.png,mp3,064015,064,015,64,_,15
064015_2.mp3,64_15.png,mp3,064015,064,015,64,_,15
064016_1.mp3,64_16.png,mp3,064016,064,016,64,_,16
064016_2.mp3,64_16.png,mp3,064016,064,016,64,_,16
064017_1.mp3,64_17.png,mp3,064017,064,017,64,_,17
064017_2.mp3,64_17.png,mp3,064017,064,017,64,_,17
064018.mp3,64_18.png,mp3,064018,064,018,64,_,18
065001_1.mp3,65_1.png,mp3,065001,065,001,65,_,1
065001_2.mp3,65_1.png,mp3,065001,065,001,65,_,1
065001_3.mp3,65_1.png,mp3,065001,065,001,65,_,1
065001_4.mp3,65_1.png,mp3,065001,065,001,65,_,1
065001_5.mp3,65_1.png,mp3,065001,065,001,65,_,1
065002_1.mp3,65_2.png,mp3,065002,065,002,65,_,2
065002_2.mp3,65_2.png,mp3,065002,065,002,65,_,2
065002_3.mp3,65_2.png,mp3,065002,065,002,65,_,2
065003_1.mp3,65_3.png,mp3,065003,065,003,65,_,3
065003_2.mp3,65_3.png,mp3,065003,065,003,65,_,3
065003_3.mp3,65_3.png,mp3,065003,065,003,65,_,3
065003_4.mp3,65_3.png,mp3,065003,065,003,65,_,3
065004_1.mp3,65_4.png,mp3,065004,065,004,65,_,4
065004_2.mp3,65_4.png,mp3,065004,065,004,65,_,4
065004_3.mp3,65_4.png,mp3,065004,065,004,65,_,4
065005_1.mp3,65_5.png,mp3,065005,065,005,65,_,5
065005_2.mp3,65_5.png,mp3,065005,065,005,65,_,5
065006_1.mp3,65_6.png,mp3,065006,065,006,65,_,6
065006_2.mp3,65_6.png,mp3,065006,065,006,65,_,6
065006_3.mp3,65_6.png,mp3,065006,065,006,65,_,6
065006_4.mp3,65_6.png,mp3,065006,065,006,65,_,6
065006_5.mp3,65_6.png,mp3,065006,065,006,65,_,6
065006_6.mp3,65_6.png,mp3,065006,065,006,65,_,6
065007_1.mp3,65_7.png,mp3,065007,065,007,65,_,7
065007_2.mp3,65_7.png,mp3,065007,065,007,65,_,7
065007_3.mp3,65_7.png,mp3,065007,065,007,65,_,7
065007_4.mp3,65_7.png,mp3,065007,065,007,65,_,7
065008_1.mp3,65_8.png,mp3,065008,065,008,65,_,8
065008_2.mp3,65_8.png,mp3,065008,065,008,65,_,8
065009.mp3,65_9.png,mp3,065009,065,009,65,_,9
065010_1.mp3,65_10.png,mp3,065010,065,010,65,_,10
065010_2.mp3,65_10.png,mp3,065010,065,010,65,_,10
065010_3.mp3,65_10.png,mp3,065010,065,010,65,_,10
065011_1.mp3,65_11.png,mp3,065011,065,011,65,_,11
065011_2.mp3,65_11.png,mp3,065011,065,011,65,_,11
065011_3.mp3,65_11.png,mp3,065011,065,011,65,_,11
065012_1.mp3,65_12.png,mp3,065012,065,012,65,_,12
065012_2.mp3,65_12.png,mp3,065012,065,012,65,_,12
066001_1.mp3,66_1.png,mp3,066001,066,001,66,_,1
066001_2.mp3,66_1.png,mp3,066001,066,001,66,_,1
066001_3.mp3,66_1.png,mp3,066001,066,001,66,_,1
066002_1.mp3,66_2.png,mp3,066002,066,002,66,_,2
066002_2.mp3,66_2.png,mp3,066002,066,002,66,_,2
066002_3.mp3,66_2.png,mp3,066002,066,002,66,_,2
066003_1.mp3,66_3.png,mp3,066003,066,003,66,_,3
066003_2.mp3,66_3.png,mp3,066003,066,003,66,_,3
066003_3.mp3,66_3.png,mp3,066003,066,003,66,_,3
066004_1.mp3,66_4.png,mp3,066004,066,004,66,_,4
066004_2.mp3,66_4.png,mp3,066004,066,004,66,_,4
066004_3.mp3,66_4.png,mp3,066004,066,004,66,_,4
066005_1.mp3,66_5.png,mp3,066005,066,005,66,_,5
066005_2.mp3,66_5.png,mp3,066005,066,005,66,_,5
066006_1.mp3,66_6.png,mp3,066006,066,006,66,_,6
066006_2.mp3,66_6.png,mp3,066006,066,006,66,_,6
066006_3.mp3,66_6.png,mp3,066006,066,006,66,_,6
066007_1.mp3,66_7.png,mp3,066007,066,007,66,_,7
066007_2.mp3,66_7.png,mp3,066007,066,007,66,_,7
066008_1.mp3,66_8.png,mp3,066008,066,008,66,_,8
066008_2.mp3,66_8.png,mp3,066008,066,008,66,_,8
066008_3.mp3,66_8.png,mp3,066008,066,008,66,_,8
066008_4.mp3,66_8.png,mp3,066008,066,008,66,_,8
066009_1.mp3,66_9.png,mp3,066009,066,009,66,_,9
066009_2.mp3,66_9.png,mp3,066009,066,009,66,_,9
066009_3.mp3,66_9.png,mp3,066009,066,009,66,_,9
066010_1.mp3,66_10.png,mp3,066010,066,010,66,_,10
066010_2.mp3,66_10.png,mp3,066010,066,010,66,_,10
066010_3.mp3,66_10.png,mp3,066010,066,010,66,_,10
066011_1.mp3,66_11.png,mp3,066011,066,011,66,_,11
066011_2.mp3,66_11.png,mp3,066011,066,011,66,_,11
066012_1.mp3,66_12.png,mp3,066012,066,012,66,_,12
066012_2.mp3,66_12.png,mp3,066012,066,012,66,_,12
067001_1.mp3,67_1.png,mp3,067001,067,001,67,_,1
067001_2.mp3,67_1.png,mp3,067001,067,001,67,_,1
067001_3.mp3,67_1.png,mp3,067001,067,001,67,_,1
067002_1.mp3,67_2.png,mp3,067002,067,002,67,_,2
067002_2.mp3,67_2.png,mp3,067002,067,002,67,_,2
067003_1.mp3,67_3.png,mp3,067003,067,003,67,_,3
067003_2.mp3,67_3.png,mp3,067003,067,003,67,_,3
067003_3.mp3,67_3.png,mp3,067003,067,003,67,_,3
067004.mp3,67_4.png,mp3,067004,067,004,67,_,4
067005_1.mp3,67_5.png,mp3,067005,067,005,67,_,5
067005_2.mp3,67_5.png,mp3,067005,067,005,67,_,5
067006_1.mp3,67_6.png,mp3,067006,067,006,67,_,6
067006_2.mp3,67_6.png,mp3,067006,067,006,67,_,6
067007.mp3,67_7.png,mp3,067007,067,007,67,_,7
067008_1.mp3,67_8.png,mp3,067008,067,008,67,_,8
067008_2.mp3,67_8.png,mp3,067008,067,008,67,_,8
067009_1.mp3,67_9.png,mp3,067009,067,009,67,_,9
067009_2.mp3,67_9.png,mp3,067009,067,009,67,_,9
067010.mp3,67_10.png,mp3,067010,067,010,67,_,10
067011_1.mp3,67_11.png,mp3,067011,067,011,67,_,11
067011_2.mp3,67_11.png,mp3,067011,067,011,67,_,11
067012.mp3,67_12.png,mp3,067012,067,012,67,_,12
067013_1.mp3,67_13.png,mp3,067013,067,013,67,_,13
067013_2.mp3,67_13.png,mp3,067013,067,013,67,_,13
067014.mp3,67_14.png,mp3,067014,067,014,67,_,14
067015_1.mp3,67_15.png,mp3,067015,067,015,67,_,15
067015_2.mp3,67_15.png,mp3,067015,067,015,67,_,15
067016.mp3,67_16.png,mp3,067016,067,016,67,_,16
067017_1.mp3,67_17.png,mp3,067017,067,017,67,_,17
067017_2.mp3,67_17.png,mp3,067017,067,017,67,_,17
067018_1.mp3,67_18.png,mp3,067018,067,018,67,_,18
067018_2.mp3,67_18.png,mp3,067018,067,018,67,_,18
067019_1.mp3,67_19.png,mp3,067019,067,019,67,_,19
067019_2.mp3,67_19.png,mp3,067019,067,019,67,_,19
067019_3.mp3,67_19.png,mp3,067019,067,019,67,_,19
067020_1.mp3,67_20.png,mp3,067020,067,020,67,_,20
067020_2.mp3,67_20.png,mp3,067020,067,020,67,_,20
067021_1.mp3,67_21.png,mp3,067021,067,021,67,_,21
067021_2.mp3,67_21.png,mp3,067021,067,021,67,_,21
067022.mp3,67_22.png,mp3,067022,067,022,67,_,22
067023_1.mp3,67_23.png,mp3,067023,067,023,67,_,23
067023_2.mp3,67_23.png,mp3,067023,067,023,67,_,23
067024.mp3,67_24.png,mp3,067024,067,024,67,_,24
067025.mp3,67_25.png,mp3,067025,067,025,67,_,25
067026.mp3,67_26.png,mp3,067026,067,026,67,_,26
067027.mp3,67_27.png,mp3,067027,067,027,67,_,27
067028.mp3,67_28.png,mp3,067028,067,028,67,_,28
067029_1.mp3,67_29.png,mp3,067029,067,029,67,_,29
067029_2.mp3,67_29.png,mp3,067029,067,029,67,_,29
067030.mp3,67_30.png,mp3,067030,067,030,67,_,30
068001_1.mp3,68_1.png,mp3,068001,068,001,68,_,1
068001_2.mp3,68_1.png,mp3,068001,068,001,68,_,1
068001_3.mp3,68_1.png,mp3,068001,068,001,68,_,1
068002.mp3,68_2.png,mp3,068002,068,002,68,_,2
068003.mp3,68_3.png,mp3,068003,068,003,68,_,3
068004.mp3,68_4.png,mp3,068004,068,004,68,_,4
068005.mp3,68_5.png,mp3,068005,068,005,68,_,5
068006.mp3,68_6.png,mp3,068006,068,006,68,_,6
068007.mp3,68_7.png,mp3,068007,068,007,68,_,7
068008.mp3,68_8.png,mp3,068008,068,008,68,_,8
068009.mp3,68_9.png,mp3,068009,068,009,68,_,9
068010.mp3,68_10.png,mp3,068010,068,010,68,_,10
068011.mp3,68_11.png,mp3,068011,068,011,68,_,11
068012.mp3,68_12.png,mp3,068012,068,012,68,_,12
068013.mp3,68_13.png,mp3,068013,068,013,68,_,13
068014.mp3,68_14.png,mp3,068014,068,014,68,_,14
068015.mp3,68_15.png,mp3,068015,068,015,68,_,15
068016.mp3,68_16.png,mp3,068016,068,016,68,_,16
068017.mp3,68_17.png,mp3,068017,068,017,68,_,17
068018.mp3,68_18.png,mp3,068018,068,018,68,_,18
068019.mp3,68_19.png,mp3,068019,068,019,68,_,19
068020.mp3,68_20.png,mp3,068020,068,020,68,_,20
068021.mp3,68_21.png,mp3,068021,068,021,68,_,21
068022.mp3,68_22.png,mp3,068022,068,022,68,_,22
068023.mp3,68_23.png,mp3,068023,068,023,68,_,23
068024.mp3,68_24.png,mp3,068024,068,024,68,_,24
068025.mp3,68_25.png,mp3,068025,068,025,68,_,25
068026.mp3,68_26.png,mp3,068026,068,026,68,_,26
068027.mp3,68_27.png,mp3,068027,068,027,68,_,27
068028.mp3,68_28.png,mp3,068028,068,028,68,_,28
068029.mp3,68_29.png,mp3,068029,068,029,68,_,29
068030.mp3,68_30.png,mp3,068030,068,030,68,_,30
068031.mp3,68_31.png,mp3,068031,068,031,68,_,31
068032.mp3,68_32.png,mp3,068032,068,032,68,_,32
068033_1.mp3,68_33.png,mp3,068033,068,033,68,_,33
068033_2.mp3,68_33.png,mp3,068033,068,033,68,_,33
068034.mp3,68_34.png,mp3,068034,068,034,68,_,34
068035.mp3,68_35.png,mp3,068035,068,035,68,_,35
068036.mp3,68_36.png,mp3,068036,068,036,68,_,36
068037.mp3,68_37.png,mp3,068037,068,037,68,_,37
068038.mp3,68_38.png,mp3,068038,068,038,68,_,38
068039.mp3,68_39.png,mp3,068039,068,039,68,_,39
068040.mp3,68_40.png,mp3,068040,068,040,68,_,40
068041.mp3,68_41.png,mp3,068041,068,041,68,_,41
068042.mp3,68_42.png,mp3,068042,068,042,68,_,42
068043_1.mp3,68_43.png,mp3,068043,068,043,68,_,43
068043_2.mp3,68_43.png,mp3,068043,068,043,68,_,43
068044_1.mp3,68_44.png,mp3,068044,068,044,68,_,44
068044_2.mp3,68_44.png,mp3,068044,068,044,68,_,44
068045.mp3,68_45.png,mp3,068045,068,045,68,_,45
068046.mp3,68_46.png,mp3,068046,068,046,68,_,46
068047.mp3,68_47.png,mp3,068047,068,047,68,_,47
068048.mp3,68_48.png,mp3,068048,068,048,68,_,48
068049.mp3,68_49.png,mp3,068049,068,049,68,_,49
068050.mp3,68_50.png,mp3,068050,068,050,68,_,50
068051.mp3,68_51.png,mp3,068051,068,051,68,_,51
068052.mp3,68_52.png,mp3,068052,068,052,68,_,52
069001_1.mp3,69_1.png,mp3,069001,069,001,69,_,1
069001_2.mp3,69_1.png,mp3,069001,069,001,69,_,1
069002.mp3,69_2.png,mp3,069002,069,002,69,_,2
069003.mp3,69_3.png,mp3,069003,069,003,69,_,3
069004.mp3,69_4.png,mp3,069004,069,004,69,_,4
069005.mp3,69_5.png,mp3,069005,069,005,69,_,5
069006.mp3,69_6.png,mp3,069006,069,006,69,_,6
069007.mp3,69_7.png,mp3,069007,069,007,69,_,7
069008.mp3,69_8.png,mp3,069008,069,008,69,_,8
069009.mp3,69_9.png,mp3,069009,069,009,69,_,9
069010.mp3,69_10.png,mp3,069010,069,010,69,_,10
069011.mp3,69_11.png,mp3,069011,069,011,69,_,11
069012.mp3,69_12.png,mp3,069012,069,012,69,_,12
069013.mp3,69_13.png,mp3,069013,069,013,69,_,13
069014.mp3,69_14.png,mp3,069014,069,014,69,_,14
069015.mp3,69_15.png,mp3,069015,069,015,69,_,15
069016.mp3,69_16.png,mp3,069016,069,016,69,_,16
069017.mp3,69_17.png,mp3,069017,069,017,69,_,17
069018.mp3,69_18.png,mp3,069018,069,018,69,_,18
069019.mp3,69_19.png,mp3,069019,069,019,69,_,19
069020.mp3,69_20.png,mp3,069020,069,020,69,_,20
069021.mp3,69_21.png,mp3,069021,069,021,69,_,21
069022.mp3,69_22.png,mp3,069022,069,022,69,_,22
069023.mp3,69_23.png,mp3,069023,069,023,69,_,23
069024.mp3,69_24.png,mp3,069024,069,024,69,_,24
069025.mp3,69_25.png,mp3,069025,069,025,69,_,25
069026.mp3,69_26.png,mp3,069026,069,026,69,_,26
069027.mp3,69_27.png,mp3,069027,069,027,69,_,27
069028.mp3,69_28.png,mp3,069028,069,028,69,_,28
069029.mp3,69_29.png,mp3,069029,069,029,69,_,29
069030.mp3,69_30.png,mp3,069030,069,030,69,_,30
069031.mp3,69_31.png,mp3,069031,069,031,69,_,31
069032.mp3,69_32.png,mp3,069032,069,032,69,_,32
069033.mp3,69_33.png,mp3,069033,069,033,69,_,33
069034.mp3,69_34.png,mp3,069034,069,034,69,_,34
069035.mp3,69_35.png,mp3,069035,069,035,69,_,35
069036.mp3,69_36.png,mp3,069036,069,036,69,_,36
069037.mp3,69_37.png,mp3,069037,069,037,69,_,37
069038.mp3,69_38.png,mp3,069038,069,038,69,_,38
069039.mp3,69_39.png,mp3,069039,069,039,69,_,39
069040.mp3,69_40.png,mp3,069040,069,040,69,_,40
069041.mp3,69_41.png,mp3,069041,069,041,69,_,41
069042.mp3,69_42.png,mp3,069042,069,042,69,_,42
069043.mp3,69_43.png,mp3,069043,069,043,69,_,43
069044.mp3,69_44.png,mp3,069044,069,044,69,_,44
069045.mp3,69_45.png,mp3,069045,069,045,69,_,45
069046.mp3,69_46.png,mp3,069046,069,046,69,_,46
069047.mp3,69_47.png,mp3,069047,069,047,69,_,47
069048.mp3,69_48.png,mp3,069048,069,048,69,_,48
069049.mp3,69_49.png,mp3,069049,069,049,69,_,49
069050.mp3,69_50.png,mp3,069050,069,050,69,_,50
069051.mp3,69_51.png,mp3,069051,069,051,69,_,51
069052.mp3,69_52.png,mp3,069052,069,052,69,_,52
070001_1.mp3,70_1.png,mp3,070001,070,001,70,_,1
070001_2.mp3,70_1.png,mp3,070001,070,001,70,_,1
070002.mp3,70_2.png,mp3,070002,070,002,70,_,2
070003.mp3,70_3.png,mp3,070003,070,003,70,_,3
070004.mp3,70_4.png,mp3,070004,070,004,70,_,4
070005.mp3,70_5.png,mp3,070005,070,005,70,_,5
070006.mp3,70_6.png,mp3,070006,070,006,70,_,6
070007.mp3,70_7.png,mp3,070007,070,007,70,_,7
070008.mp3,70_8.png,mp3,070008,070,008,70,_,8
070009.mp3,70_9.png,mp3,070009,070,009,70,_,9
070010.mp3,70_10.png,mp3,070010,070,010,70,_,10
070011.mp3,70_11.png,mp3,070011,070,011,70,_,11
070012.mp3,70_12.png,mp3,070012,070,012,70,_,12
070013.mp3,70_13.png,mp3,070013,070,013,70,_,13
070014.mp3,70_14.png,mp3,070014,070,014,70,_,14
070015.mp3,70_15.png,mp3,070015,070,015,70,_,15
070016.mp3,70_16.png,mp3,070016,070,016,70,_,16
070017.mp3,70_17.png,mp3,070017,070,017,70,_,17
070018.mp3,70_18.png,mp3,070018,070,018,70,_,18
070019.mp3,70_19.png,mp3,070019,070,019,70,_,19
070020.mp3,70_20.png,mp3,070020,070,020,70,_,20
070021.mp3,70_21.png,mp3,070021,070,021,70,_,21
070022.mp3,70_22.png,mp3,070022,070,022,70,_,22
070023.mp3,70_23.png,mp3,070023,070,023,70,_,23
070024.mp3,70_24.png,mp3,070024,070,024,70,_,24
070025.mp3,70_25.png,mp3,070025,070,025,70,_,25
070026.mp3,70_26.png,mp3,070026,070,026,70,_,26
070027.mp3,70_27.png,mp3,070027,070,027,70,_,27
070028.mp3,70_28.png,mp3,070028,070,028,70,_,28
070029.mp3,70_29.png,mp3,070029,070,029,70,_,29
070030.mp3,70_30.png,mp3,070030,070,030,70,_,30
070031.mp3,70_31.png,mp3,070031,070,031,70,_,31
070032.mp3,70_32.png,mp3,070032,070,032,70,_,32
070033.mp3,70_33.png,mp3,070033,070,033,70,_,33
070034.mp3,70_34.png,mp3,070034,070,034,70,_,34
070035.mp3,70_35.png,mp3,070035,070,035,70,_,35
070036.mp3,70_36.png,mp3,070036,070,036,70,_,36
070037.mp3,70_37.png,mp3,070037,070,037,70,_,37
070038.mp3,70_38.png,mp3,070038,070,038,70,_,38
070039.mp3,70_39.png,mp3,070039,070,039,70,_,39
070040.mp3,70_40.png,mp3,070040,070,040,70,_,40
070041.mp3,70_41.png,mp3,070041,070,041,70,_,41
070042.mp3,70_42.png,mp3,070042,070,042,70,_,42
070043.mp3,70_43.png,mp3,070043,070,043,70,_,43
070044.mp3,70_44.png,mp3,070044,070,044,70,_,44
071001_1.mp3,71_1.png,mp3,071001,071,001,71,_,1
071001_2.mp3,71_1.png,mp3,071001,071,001,71,_,1
071002.mp3,71_2.png,mp3,071002,071,002,71,_,2
071003.mp3,71_3.png,mp3,071003,071,003,71,_,3
071004_1.mp3,71_4.png,mp3,071004,071,004,71,_,4
071004_2.mp3,71_4.png,mp3,071004,071,004,71,_,4
071005.mp3,71_5.png,mp3,071005,071,005,71,_,5
071006.mp3,71_6.png,mp3,071006,071,006,71,_,6
071007_1.mp3,71_7.png,mp3,071007,071,007,71,_,7
071007_2.mp3,71_7.png,mp3,071007,071,007,71,_,7
071008.mp3,71_8.png,mp3,071008,071,008,71,_,8
071009.mp3,71_9.png,mp3,071009,071,009,71,_,9
071010.mp3,71_10.png,mp3,071010,071,010,71,_,10
071011.mp3,71_11.png,mp3,071011,071,011,71,_,11
071012.mp3,71_12.png,mp3,071012,071,012,71,_,12
071013.mp3,71_13.png,mp3,071013,071,013,71,_,13
071014.mp3,71_14.png,mp3,071014,071,014,71,_,14
071015.mp3,71_15.png,mp3,071015,071,015,71,_,15
071016.mp3,71_16.png,mp3,071016,071,016,71,_,16
071017.mp3,71_17.png,mp3,071017,071,017,71,_,17
071018.mp3,71_18.png,mp3,071018,071,018,71,_,18
071019.mp3,71_19.png,mp3,071019,071,019,71,_,19
071020.mp3,71_20.png,mp3,071020,071,020,71,_,20
071021.mp3,71_21.png,mp3,071021,071,021,71,_,21
071022.mp3,71_22.png,mp3,071022,071,022,71,_,22
071023.mp3,71_23.png,mp3,071023,071,023,71,_,23
071024.mp3,71_24.png,mp3,071024,071,024,71,_,24
071025.mp3,71_25.png,mp3,071025,071,025,71,_,25
071026.mp3,71_26.png,mp3,071026,071,026,71,_,26
071027.mp3,71_27.png,mp3,071027,071,027,71,_,27
071028_1.mp3,71_28.png,mp3,071028,071,028,71,_,28
071028_2.mp3,71_28.png,mp3,071028,071,028,71,_,28
072001_1.mp3,72_1.png,mp3,072001,072,001,72,_,1
072001_2.mp3,72_1.png,mp3,072001,072,001,72,_,1
072002.mp3,72_2.png,mp3,072002,072,002,72,_,2
072003.mp3,72_3.png,mp3,072003,072,003,72,_,3
072004.mp3,72_4.png,mp3,072004,072,004,72,_,4
072005.mp3,72_5.png,mp3,072005,072,005,72,_,5
072006.mp3,72_6.png,mp3,072006,072,006,72,_,6
072007.mp3,72_7.png,mp3,072007,072,007,72,_,7
072008.mp3,72_8.png,mp3,072008,072,008,72,_,8
072009.mp3,72_9.png,mp3,072009,072,009,72,_,9
072010.mp3,72_10.png,mp3,072010,072,010,72,_,10
072011_1.mp3,72_11.png,mp3,072011,072,011,72,_,11
072011_2.mp3,72_11.png,mp3,072011,072,011,72,_,11
072012.mp3,72_12.png,mp3,072012,072,012,72,_,12
072013_1.mp3,72_13.png,mp3,072013,072,013,72,_,13
072013_2.mp3,72_13.png,mp3,072013,072,013,72,_,13
072014.mp3,72_14.png,mp3,072014,072,014,72,_,14
072015.mp3,72_15.png,mp3,072015,072,015,72,_,15
072016.mp3,72_16.png,mp3,072016,072,016,72,_,16
072017.mp3,72_17.png,mp3,072017,072,017,72,_,17
072018.mp3,72_18.png,mp3,072018,072,018,72,_,18
072019.mp3,72_19.png,mp3,072019,072,019,72,_,19
072020.mp3,72_20.png,mp3,072020,072,020,72,_,20
072021.mp3,72_21.png,mp3,072021,072,021,72,_,21
072022.mp3,72_22.png,mp3,072022,072,022,72,_,22
072023.mp3,72_23.png,mp3,072023,072,023,72,_,23
072024.mp3,72_24.png,mp3,072024,072,024,72,_,24
072025.mp3,72_25.png,mp3,072025,072,025,72,_,25
072026.mp3,72_26.png,mp3,072026,072,026,72,_,26
072027.mp3,72_27.png,mp3,072027,072,027,72,_,27
072028.mp3,72_28.png,mp3,072028,072,028,72,_,28
073001_1.mp3,73_1.png,mp3,073001,073,001,73,_,1
073001_2.mp3,73_1.png,mp3,073001,073,001,73,_,1
073002.mp3,73_2.png,mp3,073002,073,002,73,_,2
073003.mp3,73_3.png,mp3,073003,073,003,73,_,3
073004.mp3,73_4.png,mp3,073004,073,004,73,_,4
073005.mp3,73_5.png,mp3,073005,073,005,73,_,5
073006.mp3,73_6.png,mp3,073006,073,006,73,_,6
073007.mp3,73_7.png,mp3,073007,073,007,73,_,7
073008.mp3,73_8.png,mp3,073008,073,008,73,_,8
073009.mp3,73_9.png,mp3,073009,073,009,73,_,9
073010.mp3,73_10.png,mp3,073010,073,010,73,_,10
073011.mp3,73_11.png,mp3,073011,073,011,73,_,11
073012.mp3,73_12.png,mp3,073012,073,012,73,_,12
073013.mp3,73_13.png,mp3,073013,073,013,73,_,13
073014.mp3,73_14.png,mp3,073014,073,014,73,_,14
073015.mp3,73_15.png,mp3,073015,073,015,73,_,15
073016.mp3,73_16.png,mp3,073016,073,016,73,_,16
073017.mp3,73_17.png,mp3,073017,073,017,73,_,17
073018.mp3,73_18.png,mp3,073018,073,018,73,_,18
073019.mp3,73_19.png,mp3,073019,073,019,73,_,19
073020_1.mp3,73_20.png,mp3,073020,073,020,73,_,20
073020_2.mp3,73_20.png,mp3,073020,073,020,73,_,20
073020_3.mp3,73_20.png,mp3,073020,073,020,73,_,20
073020_4.mp3,73_20.png,mp3,073020,073,020,73,_,20
073020_5.mp3,73_20.png,mp3,073020,073,020,73,_,20
074001_1.mp3,74_1.png,mp3,074001,074,001,74,_,1
074001_2.mp3,74_1.png,mp3,074001,074,001,74,_,1
074002.mp3,74_2.png,mp3,074002,074,002,74,_,2
074003.mp3,74_3.png,mp3,074003,074,003,74,_,3
074004.mp3,74_4.png,mp3,074004,074,004,74,_,4
074005.mp3,74_5.png,mp3,074005,074,005,74,_,5
074006.mp3,74_6.png,mp3,074006,074,006,74,_,6
074007.mp3,74_7.png,mp3,074007,074,007,74,_,7
074008.mp3,74_8.png,mp3,074008,074,008,74,_,8
074009.mp3,74_9.png,mp3,074009,074,009,74,_,9
074010.mp3,74_10.png,mp3,074010,074,010,74,_,10
074011.mp3,74_11.png,mp3,074011,074,011,74,_,11
074012.mp3,74_12.png,mp3,074012,074,012,74,_,12
074013.mp3,74_13.png,mp3,074013,074,013,74,_,13
074014.mp3,74_14.png,mp3,074014,074,014,74,_,14
074015.mp3,74_15.png,mp3,074015,074,015,74,_,15
074016.mp3,74_16.png,mp3,074016,074,016,74,_,16
074017.mp3,74_17.png,mp3,074017,074,017,74,_,17
074018.mp3,74_18.png,mp3,074018,074,018,74,_,18
074019.mp3,74_19.png,mp3,074019,074,019,74,_,19
074020.mp3,74_20.png,mp3,074020,074,020,74,_,20
074021.mp3,74_21.png,mp3,074021,074,021,74,_,21
074022.mp3,74_22.png,mp3,074022,074,022,74,_,22
074023.mp3,74_23.png,mp3,074023,074,023,74,_,23
074024.mp3,74_24.png,mp3,074024,074,024,74,_,24
074025.mp3,74_25.png,mp3,074025,074,025,74,_,25
074026.mp3,74_26.png,mp3,074026,074,026,74,_,26
074027.mp3,74_27.png,mp3,074027,074,027,74,_,27
074028.mp3,74_28.png,mp3,074028,074,028,74,_,28
074029.mp3,74_29.png,mp3,074029,074,029,74,_,29
074030.mp3,74_30.png,mp3,074030,074,030,74,_,30
074031_1.mp3,74_31.png,mp3,074031,074,031,74,_,31
074031_2.mp3,74_31.png,mp3,074031,074,031,74,_,31
074031_3.mp3,74_31.png,mp3,074031,074,031,74,_,31
074031_4.mp3,74_31.png,mp3,074031,074,031,74,_,31
074031_5.mp3,74_31.png,mp3,074031,074,031,74,_,31
074031_6.mp3,74_31.png,mp3,074031,074,031,74,_,31
074031_7.mp3,74_31.png,mp3,074031,074,031,74,_,31
074032.mp3,74_32.png,mp3,074032,074,032,74,_,32
074033.mp3,74_33.png,mp3,074033,074,033,74,_,33
074034.mp3,74_34.png,mp3,074034,074,034,74,_,34
074035.mp3,74_35.png,mp3,074035,074,035,74,_,35
074036.mp3,74_36.png,mp3,074036,074,036,74,_,36
074037.mp3,74_37.png,mp3,074037,074,037,74,_,37
074038.mp3,74_38.png,mp3,074038,074,038,74,_,38
074039.mp3,74_39.png,mp3,074039,074,039,74,_,39
074040.mp3,74_40.png,mp3,074040,074,040,74,_,40
074041.mp3,74_41.png,mp3,074041,074,041,74,_,41
074042.mp3,74_42.png,mp3,074042,074,042,74,_,42
074043.mp3,74_43.png,mp3,074043,074,043,74,_,43
074044.mp3,74_44.png,mp3,074044,074,044,74,_,44
074045.mp3,74_45.png,mp3,074045,074,045,74,_,45
074046.mp3,74_46.png,mp3,074046,074,046,74,_,46
074047.mp3,74_47.png,mp3,074047,074,047,74,_,47
074048.mp3,74_48.png,mp3,074048,074,048,74,_,48
074049.mp3,74_49.png,mp3,074049,074,049,74,_,49
074050.mp3,74_50.png,mp3,074050,074,050,74,_,50
074051.mp3,74_51.png,mp3,074051,074,051,74,_,51
074052.mp3,74_52.png,mp3,074052,074,052,74,_,52
074053.mp3,74_53.png,mp3,074053,074,053,74,_,53
074054.mp3,74_54.png,mp3,074054,074,054,74,_,54
074055.mp3,74_55.png,mp3,074055,074,055,74,_,55
074056_1.mp3,74_56.png,mp3,074056,074,056,74,_,56
074056_2.mp3,74_56.png,mp3,074056,074,056,74,_,56
075001_1.mp3,75_1.png,mp3,075001,075,001,75,_,1
075001_2.mp3,75_1.png,mp3,075001,075,001,75,_,1
075002.mp3,75_2.png,mp3,075002,075,002,75,_,2
075003.mp3,75_3.png,mp3,075003,075,003,75,_,3
075004.mp3,75_4.png,mp3,075004,075,004,75,_,4
075005.mp3,75_5.png,mp3,075005,075,005,75,_,5
075006.mp3,75_6.png,mp3,075006,075,006,75,_,6
075007.mp3,75_7.png,mp3,075007,075,007,75,_,7
075008.mp3,75_8.png,mp3,075008,075,008,75,_,8
075009.mp3,75_9.png,mp3,075009,075,009,75,_,9
075010.mp3,75_10.png,mp3,075010,075,010,75,_,10
075011.mp3,75_11.png,mp3,075011,075,011,75,_,11
075012.mp3,75_12.png,mp3,075012,075,012,75,_,12
075013.mp3,75_13.png,mp3,075013,075,013,75,_,13
075014.mp3,75_14.png,mp3,075014,075,014,75,_,14
075015.mp3,75_15.png,mp3,075015,075,015,75,_,15
075016.mp3,75_16.png,mp3,075016,075,016,75,_,16
075017.mp3,75_17.png,mp3,075017,075,017,75,_,17
075018.mp3,75_18.png,mp3,075018,075,018,75,_,18
075019.mp3,75_19.png,mp3,075019,075,019,75,_,19
075020.mp3,75_20.png,mp3,075020,075,020,75,_,20
075021.mp3,75_21.png,mp3,075021,075,021,75,_,21
075022.mp3,75_22.png,mp3,075022,075,022,75,_,22
075023.mp3,75_23.png,mp3,075023,075,023,75,_,23
075024.mp3,75_24.png,mp3,075024,075,024,75,_,24
075025.mp3,75_25.png,mp3,075025,075,025,75,_,25
075026.mp3,75_26.png,mp3,075026,075,026,75,_,26
075027.mp3,75_27.png,mp3,075027,075,027,75,_,27
075028.mp3,75_28.png,mp3,075028,075,028,75,_,28
075029.mp3,75_29.png,mp3,075029,075,029,75,_,29
075030.mp3,75_30.png,mp3,075030,075,030,75,_,30
075031.mp3,75_31.png,mp3,075031,075,031,75,_,31
075032.mp3,75_32.png,mp3,075032,075,032,75,_,32
075033.mp3,75_33.png,mp3,075033,075,033,75,_,33
075034.mp3,75_34.png,mp3,075034,075,034,75,_,34
075035.mp3,75_35.png,mp3,075035,075,035,75,_,35
075036.mp3,75_36.png,mp3,075036,075,036,75,_,36
075037.mp3,75_37.png,mp3,075037,075,037,75,_,37
075038.mp3,75_38.png,mp3,075038,075,038,75,_,38
075039.mp3,75_39.png,mp3,075039,075,039,75,_,39
075040.mp3,75_40.png,mp3,075040,075,040,75,_,40
076001_1.mp3,76_1.png,mp3,076001,076,001,76,_,1
076001_2.mp3,76_1.png,mp3,076001,076,001,76,_,1
076002.mp3,76_2.png,mp3,076002,076,002,76,_,2
076003.mp3,76_3.png,mp3,076003,076,003,76,_,3
076004.mp3,76_4.png,mp3,076004,076,004,76,_,4
076005.mp3,76_5.png,mp3,076005,076,005,76,_,5
076006.mp3,76_6.png,mp3,076006,076,006,76,_,6
076007.mp3,76_7.png,mp3,076007,076,007,76,_,7
076008.mp3,76_8.png,mp3,076008,076,008,76,_,8
076009.mp3,76_9.png,mp3,076009,076,009,76,_,9
076010.mp3,76_10.png,mp3,076010,076,010,76,_,10
076011.mp3,76_11.png,mp3,076011,076,011,76,_,11
076012.mp3,76_12.png,mp3,076012,076,012,76,_,12
076013_1.mp3,76_13.png,mp3,076013,076,013,76,_,13
076013_2.mp3,76_13.png,mp3,076013,076,013,76,_,13
076014.mp3,76_14.png,mp3,076014,076,014,76,_,14
076015.mp3,76_15.png,mp3,076015,076,015,76,_,15
076016.mp3,76_16.png,mp3,076016,076,016,76,_,16
076017.mp3,76_17.png,mp3,076017,076,017,76,_,17
076018.mp3,76_18.png,mp3,076018,076,018,76,_,18
076019.mp3,76_19.png,mp3,076019,076,019,76,_,19
076020.mp3,76_20.png,mp3,076020,076,020,76,_,20
076021_1.mp3,76_21.png,mp3,076021,076,021,76,_,21
076021_2.mp3,76_21.png,mp3,076021,076,021,76,_,21
076022.mp3,76_22.png,mp3,076022,076,022,76,_,22
076023.mp3,76_23.png,mp3,076023,076,023,76,_,23
076024.mp3,76_24.png,mp3,076024,076,024,76,_,24
076025.mp3,76_25.png,mp3,076025,076,025,76,_,25
076026.mp3,76_26.png,mp3,076026,076,026,76,_,26
076027.mp3,76_27.png,mp3,076027,076,027,76,_,27
076028_1.mp3,76_28.png,mp3,076028,076,028,76,_,28
076028_2.mp3,76_28.png,mp3,076028,076,028,76,_,28
076029.mp3,76_29.png,mp3,076029,076,029,76,_,29
076030.mp3,76_30.png,mp3,076030,076,030,76,_,30
076031.mp3,76_31.png,mp3,076031,076,031,76,_,31
077001_1.mp3,77_1.png,mp3,077001,077,001,77,_,1
077001_2.mp3,77_1.png,mp3,077001,077,001,77,_,1
077002.mp3,77_2.png,mp3,077002,077,002,77,_,2
077003.mp3,77_3.png,mp3,077003,077,003,77,_,3
077004.mp3,77_4.png,mp3,077004,077,004,77,_,4
077005.mp3,77_5.png,mp3,077005,077,005,77,_,5
077006.mp3,77_6.png,mp3,077006,077,006,77,_,6
077007.mp3,77_7.png,mp3,077007,077,007,77,_,7
077008.mp3,77_8.png,mp3,077008,077,008,77,_,8
077009.mp3,77_9.png,mp3,077009,077,009,77,_,9
077010.mp3,77_10.png,mp3,077010,077,010,77,_,10
077011.mp3,77_11.png,mp3,077011,077,011,77,_,11
077012.mp3,77_12.png,mp3,077012,077,012,77,_,12
077013.mp3,77_13.png,mp3,077013,077,013,77,_,13
077014.mp3,77_14.png,mp3,077014,077,014,77,_,14
077015.mp3,77_15.png,mp3,077015,077,015,77,_,15
077016.mp3,77_16.png,mp3,077016,077,016,77,_,16
077017.mp3,77_17.png,mp3,077017,077,017,77,_,17
077018.mp3,77_18.png,mp3,077018,077,018,77,_,18
077019.mp3,77_19.png,mp3,077019,077,019,77,_,19
077020.mp3,77_20.png,mp3,077020,077,020,77,_,20
077021.mp3,77_21.png,mp3,077021,077,021,77,_,21
077022.mp3,77_22.png,mp3,077022,077,022,77,_,22
077023.mp3,77_23.png,mp3,077023,077,023,77,_,23
077024.mp3,77_24.png,mp3,077024,077,024,77,_,24
077025.mp3,77_25.png,mp3,077025,077,025,77,_,25
077026.mp3,77_26.png,mp3,077026,077,026,77,_,26
077027.mp3,77_27.png,mp3,077027,077,027,77,_,27
077028.mp3,77_28.png,mp3,077028,077,028,77,_,28
077029.mp3,77_29.png,mp3,077029,077,029,77,_,29
077030.mp3,77_30.png,mp3,077030,077,030,77,_,30
077031.mp3,77_31.png,mp3,077031,077,031,77,_,31
077032.mp3,77_32.png,mp3,077032,077,032,77,_,32
077033.mp3,77_33.png,mp3,077033,077,033,77,_,33
077034.mp3,77_34.png,mp3,077034,077,034,77,_,34
077035.mp3,77_35.png,mp3,077035,077,035,77,_,35
077036.mp3,77_36.png,mp3,077036,077,036,77,_,36
077037.mp3,77_37.png,mp3,077037,077,037,77,_,37
077038_1.mp3,77_38.png,mp3,077038,077,038,77,_,38
077038_2.mp3,77_38.png,mp3,077038,077,038,77,_,38
077039.mp3,77_39.png,mp3,077039,077,039,77,_,39
077040.mp3,77_40.png,mp3,077040,077,040,77,_,40
077041.mp3,77_41.png,mp3,077041,077,041,77,_,41
077042.mp3,77_42.png,mp3,077042,077,042,77,_,42
077043.mp3,77_43.png,mp3,077043,077,043,77,_,43
077044.mp3,77_44.png,mp3,077044,077,044,77,_,44
077045.mp3,77_45.png,mp3,077045,077,045,77,_,45
077046.mp3,77_46.png,mp3,077046,077,046,77,_,46
077047.mp3,77_47.png,mp3,077047,077,047,77,_,47
077048.mp3,77_48.png,mp3,077048,077,048,77,_,48
077049.mp3,77_49.png,mp3,077049,077,049,77,_,49
077050.mp3,77_50.png,mp3,077050,077,050,77,_,50
078001_1.mp3,78_1.png,mp3,078001,078,001,78,_,1
078001_2.mp3,78_1.png,mp3,078001,078,001,78,_,1
078002.mp3,78_2.png,mp3,078002,078,002,78,_,2
078003.mp3,78_3.png,mp3,078003,078,003,78,_,3
078004.mp3,78_4.png,mp3,078004,078,004,78,_,4
078005.mp3,78_5.png,mp3,078005,078,005,78,_,5
078006.mp3,78_6.png,mp3,078006,078,006,78,_,6
078007.mp3,78_7.png,mp3,078007,078,007,78,_,7
078008.mp3,78_8.png,mp3,078008,078,008,78,_,8
078009.mp3,78_9.png,mp3,078009,078,009,78,_,9
078010.mp3,78_10.png,mp3,078010,078,010,78,_,10
078011.mp3,78_11.png,mp3,078011,078,011,78,_,11
078012.mp3,78_12.png,mp3,078012,078,012,78,_,12
078013.mp3,78_13.png,mp3,078013,078,013,78,_,13
078014.mp3,78_14.png,mp3,078014,078,014,78,_,14
078015.mp3,78_15.png,mp3,078015,078,015,78,_,15
078016.mp3,78_16.png,mp3,078016,078,016,78,_,16
078017.mp3,78_17.png,mp3,078017,078,017,78,_,17
078018.mp3,78_18.png,mp3,078018,078,018,78,_,18
078019.mp3,78_19.png,mp3,078019,078,019,78,_,19
078020.mp3,78_20.png,mp3,078020,078,020,78,_,20
078021.mp3,78_21.png,mp3,078021,078,021,78,_,21
078022.mp3,78_22.png,mp3,078022,078,022,78,_,22
078023.mp3,78_23.png,mp3,078023,078,023,78,_,23
078024.mp3,78_24.png,mp3,078024,078,024,78,_,24
078025.mp3,78_25.png,mp3,078025,078,025,78,_,25
078026.mp3,78_26.png,mp3,078026,078,026,78,_,26
078027.mp3,78_27.png,mp3,078027,078,027,78,_,27
078028.mp3,78_28.png,mp3,078028,078,028,78,_,28
078029.mp3,78_29.png,mp3,078029,078,029,78,_,29
078030.mp3,78_30.png,mp3,078030,078,030,78,_,30
078031.mp3,78_31.png,mp3,078031,078,031,78,_,31
078032.mp3,78_32.png,mp3,078032,078,032,78,_,32
078033.mp3,78_33.png,mp3,078033,078,033,78,_,33
078034.mp3,78_34.png,mp3,078034,078,034,78,_,34
078035.mp3,78_35.png,mp3,078035,078,035,78,_,35
078036.mp3,78_36.png,mp3,078036,078,036,78,_,36
078037.mp3,78_37.png,mp3,078037,078,037,78,_,37
078038_1.mp3,78_38.png,mp3,078038,078,038,78,_,38
078038_2.mp3,78_38.png,mp3,078038,078,038,78,_,38
078039_1.mp3,78_39.png,mp3,078039,078,039,78,_,39
078039_2.mp3,78_39.png,mp3,078039,078,039,78,_,39
078040_1.mp3,78_40.png,mp3,078040,078,040,78,_,40
078040_2.mp3,78_40.png,mp3,078040,078,040,78,_,40
079001_1.mp3,79_1.png,mp3,079001,079,001,79,_,1
079001_2.mp3,79_1.png,mp3,079001,079,001,79,_,1
079002.mp3,79_2.png,mp3,079002,079,002,79,_,2
079003.mp3,79_3.png,mp3,079003,079,003,79,_,3
079004.mp3,79_4.png,mp3,079004,079,004,79,_,4
079005.mp3,79_5.png,mp3,079005,079,005,79,_,5
079006.mp3,79_6.png,mp3,079006,079,006,79,_,6
079007.mp3,79_7.png,mp3,079007,079,007,79,_,7
079008.mp3,79_8.png,mp3,079008,079,008,79,_,8
079009.mp3,79_9.png,mp3,079009,079,009,79,_,9
079010.mp3,79_10.png,mp3,079010,079,010,79,_,10
079011.mp3,79_11.png,mp3,079011,079,011,79,_,11
079012.mp3,79_12.png,mp3,079012,079,012,79,_,12
079013.mp3,79_13.png,mp3,079013,079,013,79,_,13
079014.mp3,79_14.png,mp3,079014,079,014,79,_,14
079015.mp3,79_15.png,mp3,079015,079,015,79,_,15
079016.mp3,79_16.png,mp3,079016,079,016,79,_,16
079017.mp3,79_17.png,mp3,079017,079,017,79,_,17
079018.mp3,79_18.png,mp3,079018,079,018,79,_,18
079019.mp3,79_19.png,mp3,079019,079,019,79,_,19
079020.mp3,79_20.png,mp3,079020,079,020,79,_,20
079021.mp3,79_21.png,mp3,079021,079,021,79,_,21
079022.mp3,79_22.png,mp3,079022,079,022,79,_,22
079023.mp3,79_23.png,mp3,079023,079,023,79,_,23
079024.mp3,79_24.png,mp3,079024,079,024,79,_,24
079025.mp3,79_25.png,mp3,079025,079,025,79,_,25
079026.mp3,79_26.png,mp3,079026,079,026,79,_,26
079027.mp3,79_27.png,mp3,079027,079,027,79,_,27
079028.mp3,79_28.png,mp3,079028,079,028,79,_,28
079029.mp3,79_29.png,mp3,079029,079,029,79,_,29
079030.mp3,79_30.png,mp3,079030,079,030,79,_,30
079031.mp3,79_31.png,mp3,079031,079,031,79,_,31
079032.mp3,79_32.png,mp3,079032,079,032,79,_,32
079033.mp3,79_33.png,mp3,079033,079,033,79,_,33
079034.mp3,79_34.png,mp3,079034,079,034,79,_,34
079035.mp3,79_35.png,mp3,079035,079,035,79,_,35
079036.mp3,79_36.png,mp3,079036,079,036,79,_,36
079037.mp3,79_37.png,mp3,079037,079,037,79,_,37
079038.mp3,79_38.png,mp3,079038,079,038,79,_,38
079039.mp3,79_39.png,mp3,079039,079,039,79,_,39
079040.mp3,79_40.png,mp3,079040,079,040,79,_,40
079041.mp3,79_41.png,mp3,079041,079,041,79,_,41
079042.mp3,79_42.png,mp3,079042,079,042,79,_,42
079043.mp3,79_43.png,mp3,079043,079,043,79,_,43
079044.mp3,79_44.png,mp3,079044,079,044,79,_,44
079045.mp3,79_45.png,mp3,079045,079,045,79,_,45
079046.mp3,79_46.png,mp3,079046,079,046,79,_,46
080001_1.mp3,80_1.png,mp3,080001,080,001,80,_,1
080001_2.mp3,80_1.png,mp3,080001,080,001,80,_,1
080002.mp3,80_2.png,mp3,080002,080,002,80,_,2
080003.mp3,80_3.png,mp3,080003,080,003,80,_,3
080004.mp3,80_4.png,mp3,080004,080,004,80,_,4
080005.mp3,80_5.png,mp3,080005,080,005,80,_,5
080006.mp3,80_6.png,mp3,080006,080,006,80,_,6
080007.mp3,80_7.png,mp3,080007,080,007,80,_,7
080008.mp3,80_8.png,mp3,080008,080,008,80,_,8
080009.mp3,80_9.png,mp3,080009,080,009,80,_,9
080010.mp3,80_10.png,mp3,080010,080,010,80,_,10
080011.mp3,80_11.png,mp3,080011,080,011,80,_,11
080012.mp3,80_12.png,mp3,080012,080,012,80,_,12
080013.mp3,80_13.png,mp3,080013,080,013,80,_,13
080014.mp3,80_14.png,mp3,080014,080,014,80,_,14
080015.mp3,80_15.png,mp3,080015,080,015,80,_,15
080016.mp3,80_16.png,mp3,080016,080,016,80,_,16
080017.mp3,80_17.png,mp3,080017,080,017,80,_,17
080018.mp3,80_18.png,mp3,080018,080,018,80,_,18
080019.mp3,80_19.png,mp3,080019,080,019,80,_,19
080020.mp3,80_20.png,mp3,080020,080,020,80,_,20
080021.mp3,80_21.png,mp3,080021,080,021,80,_,21
080022.mp3,80_22.png,mp3,080022,080,022,80,_,22
080023.mp3,80_23.png,mp3,080023,080,023,80,_,23
080024.mp3,80_24.png,mp3,080024,080,024,80,_,24
080025.mp3,80_25.png,mp3,080025,080,025,80,_,25
080026.mp3,80_26.png,mp3,080026,080,026,80,_,26
080027.mp3,80_27.png,mp3,080027,080,027,80,_,27
080028.mp3,80_28.png,mp3,080028,080,028,80,_,28
080029.mp3,80_29.png,mp3,080029,080,029,80,_,29
080030.mp3,80_30.png,mp3,080030,080,030,80,_,30
080031.mp3,80_31.png,mp3,080031,080,031,80,_,31
080032.mp3,80_32.png,mp3,080032,080,032,80,_,32
080033.mp3,80_33.png,mp3,080033,080,033,80,_,33
080034.mp3,80_34.png,mp3,080034,080,034,80,_,34
080035.mp3,80_35.png,mp3,080035,080,035,80,_,35
080036.mp3,80_36.png,mp3,080036,080,036,80,_,36
080037.mp3,80_37.png,mp3,080037,080,037,80,_,37
080038.mp3,80_38.png,mp3,080038,080,038,80,_,38
080039.mp3,80_39.png,mp3,080039,080,039,80,_,39
080040.mp3,80_40.png,mp3,080040,080,040,80,_,40
080041.mp3,80_41.png,mp3,080041,080,041,80,_,41
080042.mp3,80_42.png,mp3,080042,080,042,80,_,42
081001_1.mp3,81_1.png,mp3,081001,081,001,81,_,1
081001_2.mp3,81_1.png,mp3,081001,081,001,81,_,1
081002.mp3,81_2.png,mp3,081002,081,002,81,_,2
081003.mp3,81_3.png,mp3,081003,081,003,81,_,3
081004.mp3,81_4.png,mp3,081004,081,004,81,_,4
081005.mp3,81_5.png,mp3,081005,081,005,81,_,5
081006.mp3,81_6.png,mp3,081006,081,006,81,_,6
081007.mp3,81_7.png,mp3,081007,081,007,81,_,7
081008.mp3,81_8.png,mp3,081008,081,008,81,_,8
081009.mp3,81_9.png,mp3,081009,081,009,81,_,9
081010.mp3,81_10.png,mp3,081010,081,010,81,_,10
081011.mp3,81_11.png,mp3,081011,081,011,81,_,11
081012.mp3,81_12.png,mp3,081012,081,012,81,_,12
081013.mp3,81_13.png,mp3,081013,081,013,81,_,13
081014.mp3,81_14.png,mp3,081014,081,014,81,_,14
081015.mp3,81_15.png,mp3,081015,081,015,81,_,15
081016.mp3,81_16.png,mp3,081016,081,016,81,_,16
081017.mp3,81_17.png,mp3,081017,081,017,81,_,17
081018.mp3,81_18.png,mp3,081018,081,018,81,_,18
081019.mp3,81_19.png,mp3,081019,081,019,81,_,19
081020.mp3,81_20.png,mp3,081020,081,020,81,_,20
081021.mp3,81_21.png,mp3,081021,081,021,81,_,21
081022.mp3,81_22.png,mp3,081022,081,022,81,_,22
081023.mp3,81_23.png,mp3,081023,081,023,81,_,23
081024.mp3,81_24.png,mp3,081024,081,024,81,_,24
081025.mp3,81_25.png,mp3,081025,081,025,81,_,25
081026.mp3,81_26.png,mp3,081026,081,026,81,_,26
081027.mp3,81_27.png,mp3,081027,081,027,81,_,27
081028.mp3,81_28.png,mp3,081028,081,028,81,_,28
081029.mp3,81_29.png,mp3,081029,081,029,81,_,29
082001_1.mp3,82_1.png,mp3,082001,082,001,82,_,1
082001_2.mp3,82_1.png,mp3,082001,082,001,82,_,1
082002.mp3,82_2.png,mp3,082002,082,002,82,_,2
082003.mp3,82_3.png,mp3,082003,082,003,82,_,3
082004.mp3,82_4.png,mp3,082004,082,004,82,_,4
082005.mp3,82_5.png,mp3,082005,082,005,82,_,5
082006.mp3,82_6.png,mp3,082006,082,006,82,_,6
082007.mp3,82_7.png,mp3,082007,082,007,82,_,7
082008.mp3,82_8.png,mp3,082008,082,008,82,_,8
082009.mp3,82_9.png,mp3,082009,082,009,82,_,9
082010.mp3,82_10.png,mp3,082010,082,010,82,_,10
082011.mp3,82_11.png,mp3,082011,082,011,82,_,11
082012.mp3,82_12.png,mp3,082012,082,012,82,_,12
082013.mp3,82_13.png,mp3,082013,082,013,82,_,13
082014.mp3,82_14.png,mp3,082014,082,014,82,_,14
082015.mp3,82_15.png,mp3,082015,082,015,82,_,15
082016.mp3,82_16.png,mp3,082016,082,016,82,_,16
082017.mp3,82_17.png,mp3,082017,082,017,82,_,17
082018.mp3,82_18.png,mp3,082018,082,018,82,_,18
082019.mp3,82_19.png,mp3,082019,082,019,82,_,19
083001_1.mp3,83_1.png,mp3,083001,083,001,83,_,1
083001_2.mp3,83_1.png,mp3,083001,083,001,83,_,1
083002.mp3,83_2.png,mp3,083002,083,002,83,_,2
083003.mp3,83_3.png,mp3,083003,083,003,83,_,3
083004.mp3,83_4.png,mp3,083004,083,004,83,_,4
083005.mp3,83_5.png,mp3,083005,083,005,83,_,5
083006.mp3,83_6.png,mp3,083006,083,006,83,_,6
083007.mp3,83_7.png,mp3,083007,083,007,83,_,7
083008.mp3,83_8.png,mp3,083008,083,008,83,_,8
083009.mp3,83_9.png,mp3,083009,083,009,83,_,9
083010.mp3,83_10.png,mp3,083010,083,010,83,_,10
083011.mp3,83_11.png,mp3,083011,083,011,83,_,11
083012.mp3,83_12.png,mp3,083012,083,012,83,_,12
083013.mp3,83_13.png,mp3,083013,083,013,83,_,13
083014.mp3,83_14.png,mp3,083014,083,014,83,_,14
083015.mp3,83_15.png,mp3,083015,083,015,83,_,15
083016.mp3,83_16.png,mp3,083016,083,016,83,_,16
083017.mp3,83_17.png,mp3,083017,083,017,83,_,17
083018.mp3,83_18.png,mp3,083018,083,018,83,_,18
083019.mp3,83_19.png,mp3,083019,083,019,83,_,19
083020.mp3,83_20.png,mp3,083020,083,020,83,_,20
083021.mp3,83_21.png,mp3,083021,083,021,83,_,21
083022.mp3,83_22.png,mp3,083022,083,022,83,_,22
083023.mp3,83_23.png,mp3,083023,083,023,83,_,23
083024.mp3,83_24.png,mp3,083024,083,024,83,_,24
083025.mp3,83_25.png,mp3,083025,083,025,83,_,25
083026_1.mp3,83_26.png,mp3,083026,083,026,83,_,26
083026_2.mp3,83_26.png,mp3,083026,083,026,83,_,26
083026_3.mp3,83_26.png,mp3,083026,083,026,83,_,26
083027.mp3,83_27.png,mp3,083027,083,027,83,_,27
083028.mp3,83_28.png,mp3,083028,083,028,83,_,28
083029.mp3,83_29.png,mp3,083029,083,029,83,_,29
083030.mp3,83_30.png,mp3,083030,083,030,83,_,30
083031.mp3,83_31.png,mp3,083031,083,031,83,_,31
083032.mp3,83_32.png,mp3,083032,083,032,83,_,32
083033_1.mp3,83_33.png,mp3,083033,083,033,83,_,33
083033_2.mp3,83_33.png,mp3,083033,083,033,83,_,33
083034.mp3,83_34.png,mp3,083034,083,034,83,_,34
083035.mp3,83_35.png,mp3,083035,083,035,83,_,35
083036.mp3,83_36.png,mp3,083036,083,036,83,_,36
084001_1.mp3,84_1.png,mp3,084001,084,001,84,_,1
084001_2.mp3,84_1.png,mp3,084001,084,001,84,_,1
084002.mp3,84_2.png,mp3,084002,084,002,84,_,2
084003.mp3,84_3.png,mp3,084003,084,003,84,_,3
084004.mp3,84_4.png,mp3,084004,084,004,84,_,4
084005.mp3,84_5.png,mp3,084005,084,005,84,_,5
084006.mp3,84_6.png,mp3,084006,084,006,84,_,6
084007.mp3,84_7.png,mp3,084007,084,007,84,_,7
084008.mp3,84_8.png,mp3,084008,084,008,84,_,8
084009.mp3,84_9.png,mp3,084009,084,009,84,_,9
084010.mp3,84_10.png,mp3,084010,084,010,84,_,10
084011.mp3,84_11.png,mp3,084011,084,011,84,_,11
084012.mp3,84_12.png,mp3,084012,084,012,84,_,12
084013.mp3,84_13.png,mp3,084013,084,013,84,_,13
084014.mp3,84_14.png,mp3,084014,084,014,84,_,14
084015.mp3,84_15.png,mp3,084015,084,015,84,_,15
084016.mp3,84_16.png,mp3,084016,084,016,84,_,16
084017.mp3,84_17.png,mp3,084017,084,017,84,_,17
084018.mp3,84_18.png,mp3,084018,084,018,84,_,18
084019.mp3,84_19.png,mp3,084019,084,019,84,_,19
084020.mp3,84_20.png,mp3,084020,084,020,84,_,20
084021.mp3,84_21.png,mp3,084021,084,021,84,_,21
084022.mp3,84_22.png,mp3,084022,084,022,84,_,22
084023.mp3,84_23.png,mp3,084023,084,023,84,_,23
084024.mp3,84_24.png,mp3,084024,084,024,84,_,24
084025.mp3,84_25.png,mp3,084025,084,025,84,_,25
085001_1.mp3,85_1.png,mp3,085001,085,001,85,_,1
085001_2.mp3,85_1.png,mp3,085001,085,001,85,_,1
085002.mp3,85_2.png,mp3,085002,085,002,85,_,2
085003.mp3,85_3.png,mp3,085003,085,003,85,_,3
085004.mp3,85_4.png,mp3,085004,085,004,85,_,4
085005.mp3,85_5.png,mp3,085005,085,005,85,_,5
085006.mp3,85_6.png,mp3,085006,085,006,85,_,6
085007.mp3,85_7.png,mp3,085007,085,007,85,_,7
085008.mp3,85_8.png,mp3,085008,085,008,85,_,8
085009_1.mp3,85_9.png,mp3,085009,085,009,85,_,9
085009_2.mp3,85_9.png,mp3,085009,085,009,85,_,9
085010_1.mp3,85_10.png,mp3,085010,085,010,85,_,10
085010_2.mp3,85_10.png,mp3,085010,085,010,85,_,10
085011_1.mp3,85_11.png,mp3,085011,085,011,85,_,11
085011_2.mp3,85_11.png,mp3,085011,085,011,85,_,11
085012.mp3,85_12.png,mp3,085012,085,012,85,_,12
085013.mp3,85_13.png,mp3,085013,085,013,85,_,13
085014.mp3,85_14.png,mp3,085014,085,014,85,_,14
085015.mp3,85_15.png,mp3,085015,085,015,85,_,15
085016.mp3,85_16.png,mp3,085016,085,016,85,_,16
085017.mp3,85_17.png,mp3,085017,085,017,85,_,17
085018.mp3,85_18.png,mp3,085018,085,018,85,_,18
085019.mp3,85_19.png,mp3,085019,085,019,85,_,19
085020.mp3,85_20.png,mp3,085020,085,020,85,_,20
085021.mp3,85_21.png,mp3,085021,085,021,85,_,21
085022.mp3,85_22.png,mp3,085022,085,022,85,_,22
086001_1.mp3,86_1.png,mp3,086001,086,001,86,_,1
086001_2.mp3,86_1.png,mp3,086001,086,001,86,_,1
086002.mp3,86_2.png,mp3,086002,086,002,86,_,2
086003.mp3,86_3.png,mp3,086003,086,003,86,_,3
086004.mp3,86_4.png,mp3,086004,086,004,86,_,4
086005.mp3,86_5.png,mp3,086005,086,005,86,_,5
086006.mp3,86_6.png,mp3,086006,086,006,86,_,6
086007.mp3,86_7.png,mp3,086007,086,007,86,_,7
086008.mp3,86_8.png,mp3,086008,086,008,86,_,8
086009.mp3,86_9.png,mp3,086009,086,009,86,_,9
086010.mp3,86_10.png,mp3,086010,086,010,86,_,10
086011.mp3,86_11.png,mp3,086011,086,011,86,_,11
086012.mp3,86_12.png,mp3,086012,086,012,86,_,12
086013.mp3,86_13.png,mp3,086013,086,013,86,_,13
086014.mp3,86_14.png,mp3,086014,086,014,86,_,14
086015.mp3,86_15.png,mp3,086015,086,015,86,_,15
086016.mp3,86_16.png,mp3,086016,086,016,86,_,16
086017.mp3,86_17.png,mp3,086017,086,017,86,_,17
087001_1.mp3,87_1.png,mp3,087001,087,001,87,_,1
087001_2.mp3,87_1.png,mp3,087001,087,001,87,_,1
087002.mp3,87_2.png,mp3,087002,087,002,87,_,2
087003.mp3,87_3.png,mp3,087003,087,003,87,_,3
087004.mp3,87_4.png,mp3,087004,087,004,87,_,4
087005.mp3,87_5.png,mp3,087005,087,005,87,_,5
087006.mp3,87_6.png,mp3,087006,087,006,87,_,6
087007.mp3,87_7.png,mp3,087007,087,007,87,_,7
087008.mp3,87_8.png,mp3,087008,087,008,87,_,8
087009.mp3,87_9.png,mp3,087009,087,009,87,_,9
087010.mp3,87_10.png,mp3,087010,087,010,87,_,10
087011.mp3,87_11.png,mp3,087011,087,011,87,_,11
087012.mp3,87_12.png,mp3,087012,087,012,87,_,12
087013.mp3,87_13.png,mp3,087013,087,013,87,_,13
087014.mp3,87_14.png,mp3,087014,087,014,87,_,14
087015.mp3,87_15.png,mp3,087015,087,015,87,_,15
087016.mp3,87_16.png,mp3,087016,087,016,87,_,16
087017.mp3,87_17.png,mp3,087017,087,017,87,_,17
087018.mp3,87_18.png,mp3,087018,087,018,87,_,18
087019.mp3,87_19.png,mp3,087019,087,019,87,_,19
088001_1.mp3,88_1.png,mp3,088001,088,001,88,_,1
088001_2.mp3,88_1.png,mp3,088001,088,001,88,_,1
088002.mp3,88_2.png,mp3,088002,088,002,88,_,2
088003.mp3,88_3.png,mp3,088003,088,003,88,_,3
088004.mp3,88_4.png,mp3,088004,088,004,88,_,4
088005.mp3,88_5.png,mp3,088005,088,005,88,_,5
088006.mp3,88_6.png,mp3,088006,088,006,88,_,6
088007.mp3,88_7.png,mp3,088007,088,007,88,_,7
088008.mp3,88_8.png,mp3,088008,088,008,88,_,8
088009.mp3,88_9.png,mp3,088009,088,009,88,_,9
088010.mp3,88_10.png,mp3,088010,088,010,88,_,10
088011.mp3,88_11.png,mp3,088011,088,011,88,_,11
088012.mp3,88_12.png,mp3,088012,088,012,88,_,12
088013.mp3,88_13.png,mp3,088013,088,013,88,_,13
088014.mp3,88_14.png,mp3,088014,088,014,88,_,14
088015.mp3,88_15.png,mp3,088015,088,015,88,_,15
088016.mp3,88_16.png,mp3,088016,088,016,88,_,16
088017.mp3,88_17.png,mp3,088017,088,017,88,_,17
088018.mp3,88_18.png,mp3,088018,088,018,88,_,18
088019.mp3,88_19.png,mp3,088019,088,019,88,_,19
088020.mp3,88_20.png,mp3,088020,088,020,88,_,20
088021.mp3,88_21.png,mp3,088021,088,021,88,_,21
088022.mp3,88_22.png,mp3,088022,088,022,88,_,22
088023.mp3,88_23.png,mp3,088023,088,023,88,_,23
088024.mp3,88_24.png,mp3,088024,088,024,88,_,24
088025.mp3,88_25.png,mp3,088025,088,025,88,_,25
088026.mp3,88_26.png,mp3,088026,088,026,88,_,26
089001_1.mp3,89_1.png,mp3,089001,089,001,89,_,1
089001_2.mp3,89_1.png,mp3,089001,089,001,89,_,1
089002.mp3,89_2.png,mp3,089002,089,002,89,_,2
089003.mp3,89_3.png,mp3,089003,089,003,89,_,3
089004.mp3,89_4.png,mp3,089004,089,004,89,_,4
089005.mp3,89_5.png,mp3,089005,089,005,89,_,5
089006.mp3,89_6.png,mp3,089006,089,006,89,_,6
089007.mp3,89_7.png,mp3,089007,089,007,89,_,7
089008.mp3,89_8.png,mp3,089008,089,008,89,_,8
089009.mp3,89_9.png,mp3,089009,089,009,89,_,9
089010.mp3,89_10.png,mp3,089010,089,010,89,_,10
089011.mp3,89_11.png,mp3,089011,089,011,89,_,11
089012.mp3,89_12.png,mp3,089012,089,012,89,_,12
089013.mp3,89_13.png,mp3,089013,089,013,89,_,13
089014.mp3,89_14.png,mp3,089014,089,014,89,_,14
089015.mp3,89_15.png,mp3,089015,089,015,89,_,15
089016.mp3,89_16.png,mp3,089016,089,016,89,_,16
089017_1.mp3,89_17.png,mp3,089017,089,017,89,_,17
089017_2.mp3,89_17.png,mp3,089017,089,017,89,_,17
089018.mp3,89_18.png,mp3,089018,089,018,89,_,18
089019.mp3,89_19.png,mp3,089019,089,019,89,_,19
089020.mp3,89_20.png,mp3,089020,089,020,89,_,20
089021_1.mp3,89_21.png,mp3,089021,089,021,89,_,21
089021_2.mp3,89_21.png,mp3,089021,089,021,89,_,21
089022.mp3,89_22.png,mp3,089022,089,022,89,_,22
089023.mp3,89_23.png,mp3,089023,089,023,89,_,23
089024.mp3,89_24.png,mp3,089024,089,024,89,_,24
089025.mp3,89_25.png,mp3,089025,089,025,89,_,25
089026.mp3,89_26.png,mp3,089026,089,026,89,_,26
089027.mp3,89_27.png,mp3,089027,089,027,89,_,27
089028.mp3,89_28.png,mp3,089028,089,028,89,_,28
089029.mp3,89_29.png,mp3,089029,089,029,89,_,29
089030.mp3,89_30.png,mp3,089030,089,030,89,_,30
090001_1.mp3,90_1.png,mp3,090001,090,001,90,_,1
090001_2.mp3,90_1.png,mp3,090001,090,001,90,_,1
090002.mp3,90_2.png,mp3,090002,090,002,90,_,2
090003.mp3,90_3.png,mp3,090003,090,003,90,_,3
090004.mp3,90_4.png,mp3,090004,090,004,90,_,4
090005.mp3,90_5.png,mp3,090005,090,005,90,_,5
090006.mp3,90_6.png,mp3,090006,090,006,90,_,6
090007.mp3,90_7.png,mp3,090007,090,007,90,_,7
090008.mp3,90_8.png,mp3,090008,090,008,90,_,8
090009.mp3,90_9.png,mp3,090009,090,009,90,_,9
090010.mp3,90_10.png,mp3,090010,090,010,90,_,10
090011.mp3,90_11.png,mp3,090011,090,011,90,_,11
090012.mp3,90_12.png,mp3,090012,090,012,90,_,12
090013.mp3,90_13.png,mp3,090013,090,013,90,_,13
090014.mp3,90_14.png,mp3,090014,090,014,90,_,14
090015.mp3,90_15.png,mp3,090015,090,015,90,_,15
090016.mp3,90_16.png,mp3,090016,090,016,90,_,16
090017.mp3,90_17.png,mp3,090017,090,017,90,_,17
090018.mp3,90_18.png,mp3,090018,090,018,90,_,18
090019.mp3,90_19.png,mp3,090019,090,019,90,_,19
090020.mp3,90_20.png,mp3,090020,090,020,90,_,20
091001_1.mp3,91_1.png,mp3,091001,091,001,91,_,1
091001_2.mp3,91_1.png,mp3,091001,091,001,91,_,1
091002.mp3,91_2.png,mp3,091002,091,002,91,_,2
091003.mp3,91_3.png,mp3,091003,091,003,91,_,3
091004.mp3,91_4.png,mp3,091004,091,004,91,_,4
091005.mp3,91_5.png,mp3,091005,091,005,91,_,5
091006.mp3,91_6.png,mp3,091006,091,006,91,_,6
091007.mp3,91_7.png,mp3,091007,091,007,91,_,7
091008.mp3,91_8.png,mp3,091008,091,008,91,_,8
091009.mp3,91_9.png,mp3,091009,091,009,91,_,9
091010.mp3,91_10.png,mp3,091010,091,010,91,_,10
091011.mp3,91_11.png,mp3,091011,091,011,91,_,11
091012.mp3,91_12.png,mp3,091012,091,012,91,_,12
091013.mp3,91_13.png,mp3,091013,091,013,91,_,13
091014.mp3,91_14.png,mp3,091014,091,014,91,_,14
091015.mp3,91_15.png,mp3,091015,091,015,91,_,15
092001_1.mp3,92_1.png,mp3,092001,092,001,92,_,1
092001_2.mp3,92_1.png,mp3,092001,092,001,92,_,1
092002.mp3,92_2.png,mp3,092002,092,002,92,_,2
092003.mp3,92_3.png,mp3,092003,092,003,92,_,3
092004.mp3,92_4.png,mp3,092004,092,004,92,_,4
092005.mp3,92_5.png,mp3,092005,092,005,92,_,5
092006.mp3,92_6.png,mp3,092006,092,006,92,_,6
092007.mp3,92_7.png,mp3,092007,092,007,92,_,7
092008.mp3,92_8.png,mp3,092008,092,008,92,_,8
092009.mp3,92_9.png,mp3,092009,092,009,92,_,9
092010.mp3,92_10.png,mp3,092010,092,010,92,_,10
092011.mp3,92_11.png,mp3,092011,092,011,92,_,11
092012.mp3,92_12.png,mp3,092012,092,012,92,_,12
092013.mp3,92_13.png,mp3,092013,092,013,92,_,13
092014.mp3,92_14.png,mp3,092014,092,014,92,_,14
092015.mp3,92_15.png,mp3,092015,092,015,92,_,15
092016.mp3,92_16.png,mp3,092016,092,016,92,_,16
092017.mp3,92_17.png,mp3,092017,092,017,92,_,17
092018.mp3,92_18.png,mp3,092018,092,018,92,_,18
092019.mp3,92_19.png,mp3,092019,092,019,92,_,19
092020.mp3,92_20.png,mp3,092020,092,020,92,_,20
092021.mp3,92_21.png,mp3,092021,092,021,92,_,21
093001_1.mp3,93_1.png,mp3,093001,093,001,93,_,1
093001_2.mp3,93_1.png,mp3,093001,093,001,93,_,1
093002.mp3,93_2.png,mp3,093002,093,002,93,_,2
093003.mp3,93_3.png,mp3,093003,093,003,93,_,3
093004.mp3,93_4.png,mp3,093004,093,004,93,_,4
093005.mp3,93_5.png,mp3,093005,093,005,93,_,5
093006.mp3,93_6.png,mp3,093006,093,006,93,_,6
093007.mp3,93_7.png,mp3,093007,093,007,93,_,7
093008.mp3,93_8.png,mp3,093008,093,008,93,_,8
093009.mp3,93_9.png,mp3,093009,093,009,93,_,9
093010.mp3,93_10.png,mp3,093010,093,010,93,_,10
093011.mp3,93_11.png,mp3,093011,093,011,93,_,11
094001_1.mp3,94_1.png,mp3,094001,094,001,94,_,1
094001_2.mp3,94_1.png,mp3,094001,094,001,94,_,1
094002.mp3,94_2.png,mp3,094002,094,002,94,_,2
094003.mp3,94_3.png,mp3,094003,094,003,94,_,3
094004.mp3,94_4.png,mp3,094004,094,004,94,_,4
094005.mp3,94_5.png,mp3,094005,094,005,94,_,5
094006.mp3,94_6.png,mp3,094006,094,006,94,_,6
094007.mp3,94_7.png,mp3,094007,094,007,94,_,7
094008.mp3,94_8.png,mp3,094008,094,008,94,_,8
095001_1.mp3,95_1.png,mp3,095001,095,001,95,_,1
095001_2.mp3,95_1.png,mp3,095001,095,001,95,_,1
095002.mp3,95_2.png,mp3,095002,095,002,95,_,2
095003.mp3,95_3.png,mp3,095003,095,003,95,_,3
095004.mp3,95_4.png,mp3,095004,095,004,95,_,4
095005.mp3,95_5.png,mp3,095005,095,005,95,_,5
095006.mp3,95_6.png,mp3,095006,095,006,95,_,6
095007.mp3,95_7.png,mp3,095007,095,007,95,_,7
095008.mp3,95_8.png,mp3,095008,095,008,95,_,8
096001_1.mp3,96_1.png,mp3,096001,096,001,96,_,1
096001_2.mp3,96_1.png,mp3,096001,096,001,96,_,1
096002.mp3,96_2.png,mp3,096002,096,002,96,_,2
096003.mp3,96_3.png,mp3,096003,096,003,96,_,3
096004.mp3,96_4.png,mp3,096004,096,004,96,_,4
096005.mp3,96_5.png,mp3,096005,096,005,96,_,5
096006.mp3,96_6.png,mp3,096006,096,006,96,_,6
096007.mp3,96_7.png,mp3,096007,096,007,96,_,7
096008.mp3,96_8.png,mp3,096008,096,008,96,_,8
096009.mp3,96_9.png,mp3,096009,096,009,96,_,9
096010.mp3,96_10.png,mp3,096010,096,010,96,_,10
096011.mp3,96_11.png,mp3,096011,096,011,96,_,11
096012.mp3,96_12.png,mp3,096012,096,012,96,_,12
096013.mp3,96_13.png,mp3,096013,096,013,96,_,13
096014.mp3,96_14.png,mp3,096014,096,014,96,_,14
096015.mp3,96_15.png,mp3,096015,096,015,96,_,15
096016.mp3,96_16.png,mp3,096016,096,016,96,_,16
096017.mp3,96_17.png,mp3,096017,096,017,96,_,17
096018.mp3,96_18.png,mp3,096018,096,018,96,_,18
096019.mp3,96_19.png,mp3,096019,096,019,96,_,19
097001_1.mp3,97_1.png,mp3,097001,097,001,97,_,1
097001_2.mp3,97_1.png,mp3,097001,097,001,97,_,1
097002.mp3,97_2.png,mp3,097002,097,002,97,_,2
097003.mp3,97_3.png,mp3,097003,097,003,97,_,3
097004.mp3,97_4.png,mp3,097004,097,004,97,_,4
097005.mp3,97_5.png,mp3,097005,097,005,97,_,5
098001_1.mp3,98_1.png,mp3,098001,098,001,98,_,1
098001_2.mp3,98_1.png,mp3,098001,098,001,98,_,1
098002.mp3,98_2.png,mp3,098002,098,002,98,_,2
098003.mp3,98_3.png,mp3,098003,098,003,98,_,3
098004.mp3,98_4.png,mp3,098004,098,004,98,_,4
098005_1.mp3,98_5.png,mp3,098005,098,005,98,_,5
098005_2.mp3,98_5.png,mp3,098005,098,005,98,_,5
098005_3.mp3,98_5.png,mp3,098005,098,005,98,_,5
098006_1.mp3,98_6.png,mp3,098006,098,006,98,_,6
098006_2.mp3,98_6.png,mp3,098006,098,006,98,_,6
098007.mp3,98_7.png,mp3,098007,098,007,98,_,7
098008_1.mp3,98_8.png,mp3,098008,098,008,98,_,8
098008_2.mp3,98_8.png,mp3,098008,098,008,98,_,8
098008_3.mp3,98_8.png,mp3,098008,098,008,98,_,8
098008_4.mp3,98_8.png,mp3,098008,098,008,98,_,8
099001_1.mp3,99_1.png,mp3,099001,099,001,99,_,1
099001_2.mp3,99_1.png,mp3,099001,099,001,99,_,1
099002.mp3,99_2.png,mp3,099002,099,002,99,_,2
099003.mp3,99_3.png,mp3,099003,099,003,99,_,3
099004.mp3,99_4.png,mp3,099004,099,004,99,_,4
099005.mp3,99_5.png,mp3,099005,099,005,99,_,5
099006.mp3,99_6.png,mp3,099006,099,006,99,_,6
099007.mp3,99_7.png,mp3,099007,099,007,99,_,7
099008.mp3,99_8.png,mp3,099008,099,008,99,_,8
100001_1.mp3,100_1.png,mp3,100001,100,001,100,_,1
100001_2.mp3,100_1.png,mp3,100001,100,001,100,_,1
100002.mp3,100_2.png,mp3,100002,100,002,100,_,2
100003.mp3,100_3.png,mp3,100003,100,003,100,_,3
100004.mp3,100_4.png,mp3,100004,100,004,100,_,4
100005.mp3,100_5.png,mp3,100005,100,005,100,_,5
100006.mp3,100_6.png,mp3,100006,100,006,100,_,6
100007.mp3,100_7.png,mp3,100007,100,007,100,_,7
100008.mp3,100_8.png,mp3,100008,100,008,100,_,8
100009.mp3,100_9.png,mp3,100009,100,009,100,_,9
100010.mp3,100_10.png,mp3,100010,100,010,100,_,10
100011.mp3,100_11.png,mp3,100011,100,011,100,_,11
101001_1.mp3,101_1.png,mp3,101001,101,001,101,_,1
101001_2.mp3,101_1.png,mp3,101001,101,001,101,_,1
101002.mp3,101_2.png,mp3,101002,101,002,101,_,2
101003.mp3,101_3.png,mp3,101003,101,003,101,_,3
101004.mp3,101_4.png,mp3,101004,101,004,101,_,4
101005.mp3,101_5.png,mp3,101005,101,005,101,_,5
101006.mp3,101_6.png,mp3,101006,101,006,101,_,6
101007.mp3,101_7.png,mp3,101007,101,007,101,_,7
101008.mp3,101_8.png,mp3,101008,101,008,101,_,8
101009.mp3,101_9.png,mp3,101009,101,009,101,_,9
101010.mp3,101_10.png,mp3,101010,101,010,101,_,10
101011.mp3,101_11.png,mp3,101011,101,011,101,_,11
102001_1.mp3,102_1.png,mp3,102001,102,001,102,_,1
102001_2.mp3,102_1.png,mp3,102001,102,001,102,_,1
102002.mp3,102_2.png,mp3,102002,102,002,102,_,2
102003.mp3,102_3.png,mp3,102003,102,003,102,_,3
102004.mp3,102_4.png,mp3,102004,102,004,102,_,4
102005.mp3,102_5.png,mp3,102005,102,005,102,_,5
102006.mp3,102_6.png,mp3,102006,102,006,102,_,6
102007.mp3,102_7.png,mp3,102007,102,007,102,_,7
102008.mp3,102_8.png,mp3,102008,102,008,102,_,8
103001_1.mp3,103_1.png,mp3,103001,103,001,103,_,1
103001_2.mp3,103_1.png,mp3,103001,103,001,103,_,1
103002.mp3,103_2.png,mp3,103002,103,002,103,_,2
103003.mp3,103_3.png,mp3,103003,103,003,103,_,3
104001_1.mp3,104_1.png,mp3,104001,104,001,104,_,1
104001_2.mp3,104_1.png,mp3,104001,104,001,104,_,1
104002.mp3,104_2.png,mp3,104002,104,002,104,_,2
104003.mp3,104_3.png,mp3,104003,104,003,104,_,3
104004.mp3,104_4.png,mp3,104004,104,004,104,_,4
104005.mp3,104_5.png,mp3,104005,104,005,104,_,5
104006.mp3,104_6.png,mp3,104006,104,006,104,_,6
104007.mp3,104_7.png,mp3,104007,104,007,104,_,7
104008.mp3,104_8.png,mp3,104008,104,008,104,_,8
104009.mp3,104_9.png,mp3,104009,104,009,104,_,9
105001_1.mp3,105_1.png,mp3,105001,105,001,105,_,1
105001_2.mp3,105_1.png,mp3,105001,105,001,105,_,1
105002.mp3,105_2.png,mp3,105002,105,002,105,_,2
105003.mp3,105_3.png,mp3,105003,105,003,105,_,3
105004.mp3,105_4.png,mp3,105004,105,004,105,_,4
105005.mp3,105_5.png,mp3,105005,105,005,105,_,5
106001_1.mp3,106_1.png,mp3,106001,106,001,106,_,1
106001_2.mp3,106_1.png,mp3,106001,106,001,106,_,1
106002.mp3,106_2.png,mp3,106002,106,002,106,_,2
106003.mp3,106_3.png,mp3,106003,106,003,106,_,3
106004.mp3,106_4.png,mp3,106004,106,004,106,_,4
107001_1.mp3,107_1.png,mp3,107001,107,001,107,_,1
107001_2.mp3,107_1.png,mp3,107001,107,001,107,_,1
107002.mp3,107_2.png,mp3,107002,107,002,107,_,2
107003.mp3,107_3.png,mp3,107003,107,003,107,_,3
107004.mp3,107_4.png,mp3,107004,107,004,107,_,4
107005.mp3,107_5.png,mp3,107005,107,005,107,_,5
107006.mp3,107_6.png,mp3,107006,107,006,107,_,6
107007.mp3,107_7.png,mp3,107007,107,007,107,_,7
108001_1.mp3,108_1.png,mp3,108001,108,001,108,_,1
108001_2.mp3,108_1.png,mp3,108001,108,001,108,_,1
108002.mp3,108_2.png,mp3,108002,108,002,108,_,2
108003.mp3,108_3.png,mp3,108003,108,003,108,_,3
109001_1.mp3,109_1.png,mp3,109001,109,001,109,_,1
109001_2.mp3,109_1.png,mp3,109001,109,001,109,_,1
109002.mp3,109_2.png,mp3,109002,109,002,109,_,2
109003.mp3,109_3.png,mp3,109003,109,003,109,_,3
109004.mp3,109_4.png,mp3,109004,109,004,109,_,4
109005.mp3,109_5.png,mp3,109005,109,005,109,_,5
109006.mp3,109_6.png,mp3,109006,109,006,109,_,6
110001_1.mp3,110_1.png,mp3,110001,110,001,110,_,1
110001_2.mp3,110_1.png,mp3,110001,110,001,110,_,1
110002.mp3,110_2.png,mp3,110002,110,002,110,_,2
110003_1.mp3,110_3.png,mp3,110003,110,003,110,_,3
110003_2.mp3,110_3.png,mp3,110003,110,003,110,_,3
111001_1.mp3,111_1.png,mp3,111001,111,001,111,_,1
111001_2.mp3,111_1.png,mp3,111001,111,001,111,_,1
111002.mp3,111_2.png,mp3,111002,111,002,111,_,2
111003.mp3,111_3.png,mp3,111003,111,003,111,_,3
111004.mp3,111_4.png,mp3,111004,111,004,111,_,4
111005.mp3,111_5.png,mp3,111005,111,005,111,_,5
112001_1.mp3,112_1.png,mp3,112001,112,001,112,_,1
112001_2.mp3,112_1.png,mp3,112001,112,001,112,_,1
112002.mp3,112_2.png,mp3,112002,112,002,112,_,2
112003.mp3,112_3.png,mp3,112003,112,003,112,_,3
112004.mp3,112_4.png,mp3,112004,112,004,112,_,4
113001_1.mp3,113_1.png,mp3,113001,113,001,113,_,1
113001_2.mp3,113_1.png,mp3,113001,113,001,113,_,1
113002.mp3,113_2.png,mp3,113002,113,002,113,_,2
113003.mp3,113_3.png,mp3,113003,113,003,113,_,3
113004.mp3,113_4.png,mp3,113004,113,004,113,_,4
113005.mp3,113_5.png,mp3,113005,113,005,113,_,5
114001_1.mp3,114_1.png,mp3,114001,114,001,114,_,1
114001_2.mp3,114_1.png,mp3,114001,114,001,114,_,1
114002.mp3,114_2.png,mp3,114002,114,002,114,_,2
114003.mp3,114_3.png,mp3,114003,114,003,114,_,3
114004.mp3,114_4.png,mp3,114004,114,004,114,_,4
114005.mp3,114_5.png,mp3,114005,114,005,114,_,5
114006_1.mp3,114_6.png,mp3,114006,114,006,114,_,6
114006_2.mp3,114_6.png,mp3,114006,114,006,114,_,6
